2.2168966e-05
5.5841243e-05
0.000106168765
8.168756e-05
7.016127e-05
0.0036716487
0.00016014416
2.33563e-05
0.0003315927
0.0013277712
5.772757e-05
0.00023707745
0.00013258285
2.2208706e-05
5.7804966e-05
2.163277e-05
3.3744112e-05
0.00029845032
4.0604216e-05
0.0007924254
0.0007509054
0.00014612275
7.644613e-06
0.0014449703
0.0011053687
0.0067083035
2.287472e-05
0.00039380358
0.022899052
0.0002958891
0.08057458
0.015779495
0.009482215
0.03158535
0.04081771
0.002159113
0.15169516
5.956862e-05
0.002686885
0.0005996107
9.141891e-05
0.017354371
8.48083e-05
0.0065748706
0.00023213153
2.90226e-05
3.239899e-05
0.005275503
0.00094543037
0.015355367
6.470298e-05
2.6568061e-05
1.0515053e-05
0.00024157943
0.00011323859
0.0012908329
0.0002984264
0.007295917
2.425262e-05
0.002086411
0.0027221993
0.0012742201
0.0013225336
0.00010188989
0.0057487367
0.0026730187
3.9470957e-05
0.015078462
0.00014327093
0.00026523205
0.003896298
0.00023688469
7.061967e-05
0.0002042197
2.9305278e-05
1.2820869e-08
0.012615229
0.00022671933
0.030995011
0.0022746732
2.8958651e-05
2.3324403e-05
3.6562575e-05
0.000141804
9.375796e-05
0.00010341148
0.00035023486
9.813235e-05
0.0008258672
0.00022245455
2.641597e-05
3.802485e-05
3.7083053e-05
0.07462082
3.7491114e-05
4.6792004e-05
0.00025788197
0.0055258754
0.00037478007
0.00015804723
4.6765064e-05
0.00013929576
3.0099478e-05
0.0018122835
0.00030558978
0.0007950671
0.0002007169
4.9838404e-06
0.013883441
0.00066702644
3.851931e-05
0.012010994
0.019918738
0.0037494404
0.012654715
0.0056096534
0.0007157956
7.449362e-05
0.005190771
0.00024882532
0.002406116
0.021510536
0.00017320625
0.092555635
0.00026620997
0.005597708
0.013251448
0.0073315804
0.0019485627
0.00019681893
0.0001479527
0.00048874307
8.275881e-06
0.00012451317
8.236376e-05
0.012013321
0.007455673
6.447884e-05
0.00016472426
0.004399271
0.0101157995
3.3234977e-05
0.00019073077
0.005310817
0.008320026
0.001089182
0.0002024232
0.00020374535
0.0059546973
0.0019400368
0.00033508328
0.0009120178
0.0008915344
0.0022294046
8.795323e-05
0.00010744563
1.3260569e-05
0.00039204574
0.0002210327
0.014782651
0.00046590608
0.001758679
0.010699127
5.2715528e-05
0.00013884026
0.011129215
0.0004469691
0.00024468426
0.10246646
0.00023348622
0.0001660578
0.0011028191
5.3604486e-05
0.00085029134
5.6860175e-05
0.00018763401
1.2319657e-05
0.06740783
0.0010110562
0.0019897374
3.5922465e-05
0.00049327436
3.1618838e-05
0.00045992676
0.009765097
0.00027972038
6.1052386e-05
0.000116137744
0.0009526982
1.6321806e-05
1.5089321e-05
0.0010920912
0.004204952
0.002637534
6.9090456e-05
0.0009066522
0.0003070772
0.011429772
0.004631312
0.008472339
0.017852928
0.0055059623
0.0001118146
0.03550242
0.17366652
4.3461336e-05
0.0009724129
0.00052545185
0.012921368
0.024268577
0.010108096
0.00042571488
2.7521697e-05
1.8354774e-07
1.6307291e-05
0.010484851
