2.568401e-05
5.5054767e-05
0.00014399846
0.0001451922
7.5654796e-05
0.0009958931
0.00018200876
2.742782e-05
0.0003864816
0.0025642565
0.0002734483
6.802769e-05
0.00018977984
5.1847834e-05
2.5985864e-05
5.3874715e-05
2.564211e-05
3.6868347e-05
0.00036374194
5.0336374e-05
0.0033033171
0.0012401604
0.0006146248
2.5269384e-05
0.00030453055
0.00062034157
0.0059818747
2.7166383e-05
5.701721e-05
0.00017746724
0.00018302909
0.12187135
0.03509392
0.017088585
0.025832491
0.065047294
0.0007808536
0.27350646
6.809377e-05
0.0022008668
0.0002060406
0.024276651
9.135024e-05
0.010153532
0.0003359293
3.0437055e-05
3.4238503e-05
0.008298836
3.6169263e-06
0.0009673399
0.00019183237
2.8118346e-05
5.2470725e-05
0.00076845265
0.00039819352
0.0008709216
0.0002713664
3.5787198e-05
2.810234e-05
0.0034936417
0.019713974
0.0018167347
0.0038324597
0.000120438606
0.007847813
0.0025392843
4.895437e-05
0.019996764
0.00015382266
0.0003727075
0.010184116
0.00022302923
7.5491575e-05
0.00017426179
3.577205e-05
0.0002204886
0.024299236
0.0020248506
0.08277442
0.0012316878
3.5619716e-05
2.649312e-05
4.0867795e-05
1.05897425e-05
0.00014319118
0.00023415525
0.0015009306
0.00010874759
0.0005795311
0.0002857535
0.0018562875
9.2154e-06
3.0037427e-05
0.11117065
4.5733672e-05
5.5397035e-05
0.00018782697
0.008068896
0.00059706694
0.00043752536
5.5360968e-05
0.0001326839
3.548975e-05
0.0016558793
0.010859727
0.0003285871
0.00044597956
7.0564536e-05
0.020007696
0.0007782506
4.0863586e-05
0.004072953
0.0037108297
0.016080655
0.0014756141
0.005409588
0.00033375985
8.280809e-05
0.0024358877
0.012402554
0.001102556
0.0010727578
0.002809664
0.0006746015
0.026888913
0.0001672869
0.015298248
0.00017843983
0.092259035
0.0483237
0.007633861
2.1811525e-06
0.00013511175
0.00012596077
0.00019312293
0.00023731467
0.00013642681
8.356063e-05
0.02335264
0.010603456
0.00022218448
0.00011524109
2.7139891e-05
0.009150572
0.00608917
3.609494e-11
0.0010808437
0.0041622147
0.000115774856
8.227059e-05
0.00017107934
0.0078940345
0.0008625263
0.0003654205
0.0006276733
0.0008091883
1.26911415e-08
0.0064003514
7.7175225e-11
0.00033764547
0.00023523404
0.0002690453
0.0034632687
0.00022122437
0.0068152156
0.012015274
0.00014591934
0.0002748168
0.021434551
0.00025214368
0.00027152742
0.0136546455
0.00019203167
0.00017555867
0.0074405507
6.1009607e-05
0.0008282555
6.232863e-05
5.42219e-05
0.0005290625
0.002463525
1.3867062e-06
0.0011690012
0.000102510974
0.0007784598
7.279794e-05
0.00047562143
0.016384056
2.4640056e-12
0.0001403513
0.0001220259
0.0017550872
2.600892e-05
0.00035731247
0.0018352501
0.00071414537
0.07325811
0.00013063407
0.00047745617
6.896789e-05
0.012528445
0.00191976
0.0091214515
0.020080905
0.00041653911
0.057083182
0.0014081937
0.0047507063
0.0075537334
0.05217848
5.191799e-05
0.0067290165
0.00075778924
7.0375165e-07
0.022508487
0.01930926
0.00016291106
3.431028e-05
1.876828e-08
1.8946746e-05
0.02893797
