3.4852736e-05
7.2639006e-05
0.000118361364
0.00011196142
0.000117390104
0.012369632
0.0004813252
3.869559e-05
0.0009785887
6.6551706e-06
8.893647e-05
0.00021711693
0.0003408952
0.00015461042
3.6343154e-05
6.893785e-05
3.56933e-05
5.021478e-10
0.00056151405
6.9568254e-05
0.015883755
0.00039948075
1.2407804e-05
0.0017645159
0.00072570215
0.003332221
3.655281e-05
0.00048060957
0.004277268
0.00017625843
0.096652046
0.013182025
0.37603918
0.023475744
0.1541966
0.00046727725
0.18801528
8.810316e-05
0.0016663142
0.00038285975
4.2312287e-05
0.0016094922
0.00019805462
0.08321782
0.00025103812
8.2459715e-05
0.056367937
0.0048338305
0.0036122683
0.0005172744
5.0257324e-05
5.2621257e-05
0.0023356536
0.00034772133
0.0010033002
6.4752035e-06
0.012898604
3.975261e-05
0.0006459564
0.009077926
0.0007276044
0.0014946708
0.00013928831
0.006169776
0.00064002874
6.059504e-05
0.006895186
0.00035739152
0.00026409377
0.0037910612
7.491777e-05
0.00010335697
0.00020456895
5.4244603e-05
0.00016533922
0.28958645
0.015410959
0.019743506
0.0004539845
5.3952605e-05
3.672223e-05
5.40386e-05
1.3929528e-07
0.00094864756
0.00044392582
0.0002552667
0.0041322387
0.00045010704
0.00022940453
2.0750679e-07
6.413684e-05
1.3468452e-05
0.023817677
6.0235994e-05
7.317267e-05
0.0004415262
0.008594273
0.000100808255
1.1184719e-07
7.293066e-05
0.00012446083
4.7482088e-05
0.0018045178
0.00058988086
4.623432e-05
0.0007753932
4.259833e-05
0.025244085
0.0005167851
5.3239775e-05
0.0005098131
0.0015505805
0.0045861355
0.004715059
0.0017900664
4.6277813e-07
2.6536906e-09
0.011281201
0.0003302333
0.0001760824
0.00015959036
0.00041499897
0.00036705044
0.0001493913
0.0001143784
0.0005395473
0.007056655
0.00037996474
0.00013709006
1.3031387e-06
0.0049805017
5.7548987e-05
0.0002232077
0.0033590323
0.010399674
0.0009963553
0.00023812745
0.00021316987
0.0041599898
9.384169e-06
0.0005114436
5.10721e-05
0.00038135334
0.0011581728
0.0003972485
0.0033148006
0.0004258998
0.00025580905
0.00055148377
0.00060961104
0.00041773665
0.0026281907
