8.253362e-06
3.0090498e-05
0.00016901884
5.250857e-05
5.6091223e-05
0.0007954658
0.00029579634
9.314775e-06
0.00093846157
0.0049756267
0.0005130764
3.3899803e-05
0.00019641213
0.00013544611
2.4090983e-05
8.499351e-06
1.1521749e-05
8.325379e-06
2.6856067e-05
0.00072247616
1.9744819e-05
0.0022269438
0.00088236504
0.00044467294
1.9365292e-05
0.00033899074
0.0036905957
0.0073755346
9.065895e-06
5.6143133e-05
1.7636792e-07
0.0001558166
0.12558502
0.02834932
0.100664906
0.10738853
0.19035842
0.0017928334
0.19362348
3.038604e-05
0.003135383
0.00013886858
0.03546945
6.1153245e-05
0.017120538
0.00039297275
1.2529686e-05
1.551104e-05
0.004672122
2.4033727e-07
0.015888758
6.034794e-05
1.8635406e-05
1.9416218e-05
0.00038348915
4.8801303e-05
0.0025629664
0.00024058919
5.015391e-10
9.717619e-06
0.0014176347
0.21619481
0.0009912178
0.0020722677
0.00018612262
0.0026761908
0.004543316
2.4076122e-05
0.005895052
8.795625e-05
0.0014203239
0.020369459
0.00021424983
3.713553e-05
0.00012664968
1.3944993e-05
0.00015068532
0.032185677
0.00046438546
0.039261322
0.00066220306
1.388038e-05
8.730928e-06
1.6462327e-05
9.318182e-05
9.783428e-05
0.00032571706
0.00021578722
6.6082765e-05
0.0041682036
0.00019318868
0.0001236082
1.4770163e-05
6.660178e-05
0.22661947
1.9451765e-05
0.00046844754
0.010501154
0.00021553268
0.0007942024
4.2211974e-05
2.1387681e-05
0.0017603515
0.017670434
0.00040323238
8.6929474e-05
0.00012266383
0.014008571
0.0007369863
1.8167515e-05
0.031588506
0.005973298
0.013406717
0.027972624
0.0067747417
0.00036803717
9.176451e-05
0.030361062
0.022847475
0.00010476192
0.0005067006
0.076498486
0.049566686
0.014627713
0.00012316147
0.0011319272
9.1825175e-05
7.060628e-06
0.00041301243
6.999688e-05
4.4339253e-05
0.007987874
3.414361e-09
0.00018077367
8.044108e-05
0.0024609435
0.005318689
0.005561822
8.9663685e-05
0.005579624
0.0062554833
0.00081943726
9.462661e-05
0.00018666078
0.024978815
0.0018085111
0.0006511832
0.0006765762
0.00060626894
0.00025774972
0.00038418162
0.015672598
0.0005901648
2.9965986e-05
