2.8614008e-06
1.9626697e-05
4.39605e-05
2.5758429e-05
2.2394182e-05
6.6003784e-05
0.00029710008
3.1377579e-06
0.00030840686
0.0008558207
1.4954375e-05
6.6014865e-05
7.403105e-05
2.9289522e-06
1.1356188e-05
2.8715867e-06
4.2045735e-06
6.3128045e-09
6.666929e-06
0.0012494933
0.0018463122
0.00011102986
3.454226e-06
0.00037781094
0.0009450088
0.0073627653
3.0656681e-06
4.3707016e-05
0.065340266
4.7299686e-08
0.23522575
0.16876884
0.057200994
0.120378666
0.074053325
0.0029682089
0.1843811
1.5497997e-05
0.0030248712
0.00041462644
0.00012461866
0.016736029
2.2014267e-05
0.024631742
0.00019048688
5.052336e-06
0.0042169294
0.0002742127
0.0042892876
2.0811747e-05
3.2677424e-05
8.8774905e-06
0.00047702715
6.492846e-05
0.0009442951
0.00029527786
0.006636471
3.1846057e-06
3.2486182e-06
0.0038049063
0.0021686906
0.001099849
0.0053193253
2.8908376e-05
0.00815353
0.0024047385
5.741659e-06
0.0045274133
8.02448e-05
0.00018792854
0.008353756
0.0002040239
1.87026e-05
5.8329635e-05
4.6576597e-06
0.0052678515
4.723054e-06
0.05161178
6.6984205e-05
0.050337583
9.325374e-05
4.6360337e-06
2.9942412e-06
7.1529425e-06
7.543925e-05
0.0023261572
9.4274e-05
0.000117027535
9.73034e-05
8.093514e-05
0.00060000265
0.00021814034
1.2267987e-05
5.6703307e-06
2.8206356e-05
0.2086744
5.832399e-06
1.1409726e-05
0.00011868074
0.007835415
8.675948e-08
9.156653e-05
1.1380516e-05
0.0021020444
4.067688e-06
0.0014429038
0.0008122157
0.00029248558
0.0003215696
8.5816326e-05
0.01827708
0.000484304
7.5611733e-06
0.0061181807
0.0018040618
0.00626418
0.019005198
7.827711e-06
0.00010613304
2.475551e-05
5.1407703e-08
0.00015801648
4.7432302e-05
3.662885e-05
0.00013017077
0.00017976592
4.9432165e-05
2.143489e-05
0.00065068254
0.00756921
1.5449166e-05
1.9698309e-08
4.5455504e-06
0.008100581
0.0038063163
9.4347204e-05
0.0034022003
0.008736555
0.00070397113
0.00012576827
5.6859364e-05
0.008769984
7.965991e-07
0.0003649759
0.0005090393
0.00045881644
0.0017110833
2.1477532e-05
0.00041213044
0.00024524552
0.00011852909
0.00017129496
0.09811261
0.00022177916
1.0084418e-05
