2.3675055e-05
4.8279024e-05
9.89338e-05
7.844911e-05
0.00010537951
0.00019483971
0.0017104277
2.4648914e-05
0.0009810148
3.05212e-05
6.1317696e-05
0.00012689532
0.0002788627
0.000103546576
2.378531e-05
5.124162e-05
2.3517785e-05
5.458967e-07
0.0003099538
3.7962454e-05
0.0034785182
0.0004152016
3.3877695e-05
0.000290754
0.0002931444
0.004907608
2.49343e-05
3.7111393e-05
0.0075307833
0.00012605978
0.057025354
0.0045082043
0.09782526
0.014106423
0.117025174
0.0003084701
0.07041049
5.8296937e-05
0.0009794451
0.00029415227
6.246728e-05
0.0034316955
7.6314536e-05
0.0043718717
0.00025561033
3.423155e-05
0.008463319
0.0043977005
0.00031572633
0.0001039523
2.4503463e-05
4.6381774e-05
0.0003328533
5.9453418e-05
0.0011077959
4.5617588e-05
0.001762961
2.52982e-05
0.00036264263
0.0020444978
0.00079719815
0.00034337104
9.2464055e-05
0.0029707232
9.825182e-05
3.495435e-05
0.0021040065
0.00014100484
0.00023539962
0.0014065264
0.00014797991
6.426025e-05
0.00011715505
3.0122537e-05
0.00022886449
0.21408714
0.011054491
0.0045376197
0.00022587698
3.0061214e-05
2.423498e-05
3.9151557e-05
0.00011888362
0.00018667645
0.0003184291
6.478214e-05
0.0010565218
0.00035913952
8.255925e-05
0.001048684
3.5347282e-05
5.6952495e-06
0.040277988
3.540669e-05
4.9392776e-05
0.00045234797
0.015537433
8.779821e-05
8.098424e-05
4.924082e-05
0.00013482978
2.8353066e-05
0.0003693024
0.08492355
0.00023218266
7.8101424e-05
3.7192345e-05
0.011465278
0.0002923052
3.644606e-05
0.0017671197
0.00091954967
0.0033157633
1.59562e-06
0.0023939575
0.00019650896
0.00010157122
0.019303182
9.732956e-05
0.00010996387
9.596908e-05
0.00017989794
0.0001833851
0.00010251048
6.9870766e-05
0.00088599225
0.0022169591
0.00016013882
9.171964e-05
0.00054031535
0.0013960977
0.0005684689
0.00014342867
0.0012453378
0.003326191
2.6542608e-05
0.00013234589
0.00011260941
0.0014075527
0.0011985714
0.0002059198
0.00022069829
0.0002473298
0.00020559454
0.00015092705
6.918258e-05
0.0005055975
0.00074421964
