3.5777848e-05
9.8384946e-05
8.1809325e-05
0.00011061096
0.000120202945
0.00062566774
0.00079514406
3.7753493e-05
0.00031521355
0.0020217474
8.5501364e-05
0.00022803419
6.50881e-05
3.615086e-05
6.6727785e-05
3.5546862e-05
5.1256968e-05
0.0004630966
6.3019834e-05
0.00102641
0.0010286464
0.0009957994
3.209082e-05
0.00029674594
0.0014941492
0.007555857
3.7309324e-05
9.3368966e-05
0.017777666
0.00023160913
0.08813191
0.010321624
0.014197516
0.03770961
0.026868483
0.00080820953
0.17256284
7.788797e-05
0.0013577278
0.00012086543
0.006560435
0.00015634419
0.008826727
0.00037066563
4.9401915e-05
5.1452957e-05
0.008916907
0.0046241423
0.007901753
0.00016507284
3.2406006e-05
5.3673648e-05
0.00076562096
0.00014915773
0.0019175294
0.0004186725
0.0045814537
3.8893522e-05
0.001848396
0.0039770096
0.0013928727
0.0022837461
0.00012369026
0.0074111093
0.0033383316
5.8236034e-05
0.01795119
0.00017120925
0.00031005812
0.010137137
0.0003258118
9.004292e-05
0.00021016707
4.917133e-05
0.00018567011
0.021315997
0.0009202041
0.008947121
0.00078846875
4.901192e-05
3.6964735e-05
4.8509726e-05
0.00014387576
0.00016522717
0.00031878147
0.0006220135
6.913027e-05
0.00059157447
0.00032766422
0.0003255103
5.8969454e-05
6.7475296e-05
0.09943347
5.973803e-05
0.00025309843
0.006406
0.00042828397
0.0001967373
9.0114045e-05
4.698813e-05
0.00057541707
0.007606798
0.0005570098
0.0002931117
5.1288454e-05
0.02041744
0.0016554593
6.111762e-05
0.012710795
0.009220363
0.016451778
0.012971296
0.0031170673
0.0006378639
0.00012384795
0.00806663
0.021957532
0.010819204
0.00017752276
0.009139791
0.0015467589
0.08016638
0.018365044
0.016556408
0.00014764207
0.00015225296
0.00015333472
0.0005124713
7.4102165e-05
0.00013229933
0.0001034841
0.009473254
0.0066587995
0.00028968512
0.00019869773
0.0005979086
0.008345745
0.018379733
0.00018071214
0.0038163392
0.008160628
0.0010707302
0.00014499684
0.00020160206
0.0064885034
0.0022994855
0.0004905136
0.0006984753
0.0006864419
0.0023047097
0.0015744803
0.00054369064
9.665965e-05
0.00032428312
0.0003188125
0.025503116
0.0004832547
0.0027537476
0.01148062
0.000108730994
0.0002545529
0.010089977
0.000532939
0.00027261037
0.009729109
0.00041840883
0.00017394756
0.007441748
6.853041e-05
0.0015970651
8.371114e-05
0.00040528644
6.22151e-05
0.0025855359
0.0011691388
0.0031541365
0.00011192032
0.00043764344
5.1110288e-05
0.00047941715
0.012941751
2.3219496e-05
0.00013373386
0.00012204313
0.0011010551
2.118721e-05
0.00044056153
0.0011700997
0.0057818578
0.0317148
0.00012584108
0.00015532871
0.00029522972
0.052071735
0.0023780933
0.0059979414
0.028532173
0.020777546
0.00083395786
0.19137509
6.527955e-05
0.00492152
0.0009076733
0.023638519
0.0050993366
0.0059096203
0.00022748107
4.646079e-05
7.84536e-05
2.581937e-05
0.020559829
