1.9885676e-05
3.6743953e-05
8.702526e-05
0.000101889986
5.6848192e-05
0.0013511227
0.00024059767
2.0311867e-05
6.469342e-05
4.473506e-08
5.726334e-05
5.29982e-05
0.0018394232
0.0001231502
4.1931366e-05
5.8560136e-06
4.6718527e-05
1.9072631e-05
3.1816508e-05
0.00024214231
3.4810313e-05
0.00024680822
0.0012933039
3.8086266e-06
0.00029357598
7.7087934e-05
0.0014259939
3.4464935e-09
2.6397952e-06
0.0035994602
0.00018034998
0.30207425
0.011701387
0.29480267
0.06404991
0.039768104
0.0028693324
0.085039504
4.6597368e-05
0.003949481
6.210449e-05
0.020265665
1.7275866e-05
0.055868678
0.0003868563
3.240885e-05
0.01537507
0.0071625514
0.006825703
8.416866e-05
2.4204352e-05
4.0335646e-05
0.000869384
4.7817164e-05
0.0010109387
6.116382e-06
0.0066327695
1.9788064e-05
2.1174465e-05
0.0013331934
0.016086541
0.0020673613
0.0007831824
9.5621675e-05
0.0089511685
2.487516e-05
3.2565647e-05
0.016659835
0.00016953227
0.00097307086
0.02719981
4.758618e-06
5.7217978e-05
0.00015900223
2.7240732e-05
0.0002401368
0.017630178
0.00013669611
0.009018605
0.00044786537
3.656498e-05
2.1302409e-05
1.4471717e-06
3.03558e-05
0.000118712895
0.0002186209
0.00084575935
0.00015050109
7.020009e-05
8.328149e-05
6.958425e-05
7.6315876e-10
3.1202802e-05
1.7849113e-07
0.048458576
3.281999e-05
0.00015379247
0.0010424604
1.761065e-05
0.00015003941
4.8671398e-05
0.00036826354
0.044670735
6.3630594e-08
0.00013742773
4.0454047e-06
0.014781504
0.0004283093
2.506617e-06
0.00028369154
0.00034200706
0.00081288157
0.00010543781
0.00012817136
3.8802194e-05
1.7495362e-08
0.011488682
0.0001267623
0.00010810717
9.206488e-05
0.00025302244
0.00025562447
8.3382416e-05
5.845838e-05
0.004863114
0.00800583
0.0001652152
5.746129e-06
0.0009430148
0.010370505
0.008602004
0.000120267374
0.0038986523
0.009009681
0.00022650587
0.00014334252
0.000108824344
0.0063314238
0.0035424696
4.4436463e-09
0.00051628775
0.0008356626
0.0016802424
1.8539436e-05
0.00013889282
0.00029463644
0.00025052644
0.00019850345
0.0022955344
0.0002702438
0.0013367217
