3.827033e-05
6.181213e-05
8.788164e-05
0.0001554253
0.00010131111
0.0005084383
0.0126723945
4.0810042e-05
0.00028534053
8.473869e-05
5.286847e-05
0.00023468789
6.050288e-05
3.867582e-05
6.273113e-05
3.7805297e-05
4.53629e-05
0.00047359962
7.615228e-05
0.0003669532
0.009689244
0.00079973874
7.780689e-05
0.0016243954
0.00016707122
0.0035440356
4.0458617e-05
0.00015501413
0.007172459
0.0002497156
0.074695654
0.016758502
0.022775536
0.07813959
0.11726386
0.00037211797
0.3019575
7.517677e-05
0.0034051796
0.00013462051
0.010818031
0.0001142829
0.012939047
0.00025755295
6.547488e-05
0.034865484
0.0046673464
0.008066477
0.00021379496
3.44008e-05
5.1723087e-05
0.0013747587
0.00031916038
0.0008537181
2.5820775e-05
0.005615743
4.2669555e-05
0.0008214527
0.021248274
0.0008598062
0.002749363
0.00020701949
0.007553602
0.0009399081
6.958425e-05
0.2664465
0.00013034839
0.00063071307
0.61802727
0.00014126096
8.76916e-05
0.00021862779
5.5639463e-05
0.00012608395
0.012368305
0.0061544734
0.011192588
5.540681e-05
4.0011113e-05
4.295793e-05
0.00011317264
0.00015791136
1.1359134e-06
0.0002553502
0.00031654103
0.00017048886
0.0008276343
7.041705e-05
1.0773158e-05
0.05310126
7.2056595e-05
5.982263e-05
0.00021718298
0.0055552702
6.616221e-05
0.0005864794
5.961323e-05
5.1228585e-07
5.4984095e-05
0.0006457471
9.96631e-05
0.01994602
0.00043317536
0.00011155475
4.9169357e-05
0.023281638
0.00020865137
7.1664e-05
2.2391494e-07
0.0037205843
0.049170222
0.0430647
0.0056946315
0.0009208561
0.00017454069
2.4776175e-05
0.00016619338
0.00015673452
0.00016625407
0.00031483363
0.0001993129
9.941403e-05
9.7717355e-05
0.007449501
0.024391333
0.00017624935
0.0002386193
0.00029033519
5.4273893e-05
0.0031717632
0.00015627682
0.008284556
0.010480548
0.0011482965
0.000120769466
0.00027506216
0.019950544
0.0030675265
0.0007740861
0.00044659816
0.00041630652
0.0018063104
0.0003448103
0.0008502974
0.00034875964
0.0003253313
0.00025151917
0.0039681685
0.0008388838
0.00261086
