4.515263e-05
9.983573e-05
0.0001467665
0.000161448
0.000109919005
0.0010743436
0.00036502897
4.6964342e-05
0.00040104668
1.1477194e-06
9.078239e-05
0.00042637103
0.00016382763
4.5211833e-05
9.300401e-05
4.374964e-05
6.550379e-05
0.00027879066
7.923878e-05
0.00063282653
0.0014786307
0.00088861486
6.1973085e-05
0.0006323315
0.0001241845
0.0035914879
4.6015884e-05
7.019199e-05
0.008517615
0.0005189822
0.0662679
0.018415483
0.015238128
0.0897037
0.02730276
0.12934121
0.13832869
9.014189e-05
0.0051315636
0.0010353028
4.1106927e-05
0.009927921
0.00013798475
0.011168827
0.0005478086
6.492642e-05
0.01824513
0.007762126
0.0014978233
0.00015219563
5.1200004e-05
6.804605e-05
0.004378155
0.00016276541
0.0015067037
1.3517739e-06
0.012811181
4.914573e-05
0.0026864428
0.11496436
0.0023948026
0.0032987546
0.00027139438
0.009572392
0.0005691145
7.6866476e-05
0.024078662
0.00027517782
0.00053229264
0.09793759
0.0001095491
0.000107825894
0.00031548957
6.224845e-05
0.00031611274
0.014828723
0.0006219494
0.004900599
6.2066e-05
4.757101e-05
5.7039662e-05
0.00018276839
6.842565e-11
0.0005878713
0.0006820951
0.0006472758
0.00013040284
7.0309684e-06
7.297665e-05
2.3402454e-05
0.04239207
7.005925e-05
7.012482e-05
0.00028670806
0.009450487
4.0472158e-05
0.001681153
7.0022055e-05
5.6495673e-11
5.983604e-05
0.0051128073
0.00050593546
0.00053923985
0.00021899185
6.510201e-05
0.01854982
0.0005687881
7.5557684e-05
0.00021043634
0.004178778
0.0072951047
0.0067672534
0.0047552492
0.0018488686
0.0001220982
9.388987e-09
0.00017134134
0.0002752332
0.00017651357
1.7687064e-05
0.0003728585
0.0001440144
0.000119703094
0.0030528335
0.008852969
0.00035576388
0.00023596949
0.0003239256
4.108016e-09
0.0008872011
0.00015764055
0.005689364
0.010035078
0.0012939532
0.00023027849
0.00027190638
0.0024658875
0.00037116525
0.010511326
0.0008884256
0.0009779749
0.0023304038
0.00070985366
0.011404406
0.00077536923
0.0007619363
0.00040577687
0.0034983284
0.0009781021
0.0031722574
