2.9459254e-06
1.1109715e-05
3.7764148e-05
3.2131666e-05
2.0310432e-05
0.00010693619
0.00010928513
3.4986786e-06
0.0007249156
3.305138e-05
1.9026522e-05
6.356437e-05
5.6217064e-05
1.2187863e-05
3.1146108e-06
1.8679913e-07
2.995161e-06
8.565921e-06
0.00032575772
9.886315e-06
0.0002715709
0.00045714487
3.360019e-05
0.0006795242
0.00026445888
0.004573018
3.1332067e-06
7.630719e-05
0.00021320302
8.172199e-05
0.03675204
0.13006788
0.8282825
0.0041939714
0.011874536
0.015563573
0.08368097
1.6931052e-05
0.0019497537
0.000113251874
0.00877382
2.992335e-05
0.010073393
0.00013457546
6.035227e-06
0.020309124
0.00083615165
0.004341603
3.5233395e-05
5.3973363e-06
7.907748e-06
0.0001105731
5.8872814e-05
0.00050275464
1.17686495e-05
0.0065197465
3.6516751e-06
0.00049494207
0.003829934
0.00100363
0.001351758
3.0192337e-05
0.0067851255
0.00079264346
8.605789e-06
0.0065756086
5.879427e-05
0.00021244954
0.015406504
5.567189e-05
2.2921846e-05
0.00013096647
6.859457e-06
0.00012687453
0.017406628
6.569659e-05
0.011485461
0.0003903539
4.061556e-06
3.2733733e-06
4.905825e-07
0.0026866293
0.0010171109
0.00035008564
0.00018349495
3.7964954e-05
5.7851958e-05
0.0007084659
0.00011485186
6.4672176e-06
8.701013e-06
6.696381e-06
0.039493427
9.187985e-06
0.00013133425
0.00019309236
0.00020413345
0.000106309475
1.5837473e-05
0.001744824
0.046593834
0.00023848805
3.6042016e-05
5.360694e-05
0.017747743
0.00044355448
8.811985e-06
0.00043523705
0.0008208319
0.0042387606
0.010529712
0.0024349599
1.814362e-05
1.9845214e-10
0.0064037815
2.8147035e-11
6.7161185e-05
3.517257e-05
0.00022841216
0.00017497942
3.2828255e-05
1.8639708e-05
0.0015843041
0.004437431
0.00019786172
2.0539985e-05
6.733016e-05
0.005741015
0.00027047735
6.932892e-05
0.0024134389
0.005517588
0.0005218098
5.2798438e-05
6.337897e-05
0.0036122238
6.706179e-05
0.00020997756
0.0004826206
0.0004857597
0.0013310937
7.816052e-06
0.00023569111
0.00018292319
0.00016070464
0.0001029899
0.00029628037
0.00021160857
0.00034940313
