5.7129597e-05
0.00012463589
0.00021398751
0.00022114589
0.00017044433
0.00078072306
0.00034437893
6.330359e-05
0.0005930872
0.0043754037
0.0009678727
0.0001591351
0.00043397574
0.00012112307
5.9312184e-05
0.00012298625
5.8143254e-05
0.000108443965
0.00061496696
0.00012278552
0.00078828953
0.0016142782
0.00088855176
7.6760916e-05
0.00060164864
0.001413892
0.0079686195
6.0606944e-05
0.00019558294
0.0060345866
0.00044500708
0.14739648
0.016204294
0.009315119
0.03140355
0.009376397
0.0022509398
0.1657109
0.00014595286
0.0027342776
0.00037954608
0.06263141
0.00021739514
0.0104414355
0.0011609597
8.378724e-05
8.970918e-05
0.0063454877
0.0014036201
0.004018623
0.0003599061
0.000218016
9.655012e-05
0.0006742268
0.00024585632
0.0011656998
0.0005277045
0.009790734
6.518139e-05
0.0015401659
0.013025779
0.00139382
0.0019940787
0.0002617178
0.004977905
0.0027986171
0.000121955534
0.008792321
0.00034072628
0.0019828237
0.004010849
0.0004744145
0.00018727993
0.0005233343
9.375608e-05
0.00039214606
0.077592775
0.00017447195
0.05036371
0.0012128638
6.858109e-05
2.872327e-05
8.754991e-05
0.00032524386
0.0008548683
0.00046976152
0.00054303027
0.00062097574
0.00079383055
0.00043037426
0.0003535247
0.000107635744
0.0002945603
0.046781313
0.000112599846
0.0004619415
0.00888209
4.8473194e-05
0.00038286287
0.00013828033
1.3652836e-05
0.0034426157
0.0025510613
0.0003292107
0.0003209022
0.018918604
0.00072284875
0.00010767928
0.010880732
0.001991958
0.011720168
0.029690716
0.00424202
0.0008696201
0.00020859987
0.0043610153
0.01777924
0.0025897904
0.011039332
0.096237145
0.00038981307
0.009251176
0.002174068
0.058309365
0.024264364
0.058172803
0.0007530798
0.00030905413
0.000332034
0.0006840158
0.00073764194
0.00026166087
0.00020079462
0.052654445
0.007493766
0.0021183677
0.00029114235
0.00066841306
0.0020799371
0.008492061
0.003974638
0.00039584114
0.0039000786
0.0071659023
0.0027434705
0.0006699347
0.00039574606
0.013035266
0.0020601174
0.0010108502
0.0011100941
0.0008342273
0.0006709181
0.0007124915
0.017691951
0.0008825672
0.0039724223
0.014230438
0.00025100558
0.0005252763
0.020530824
0.0010369137
0.0005214427
0.0058734235
0.0004013188
0.00036215928
0.00380459
0.00013820965
0.0015197812
0.00018134873
0.00025776963
0.0005587437
0.0024594106
0.0019587006
0.0013857596
0.00031951262
0.0021500364
0.0001127406
0.0009045351
9.856389e-08
3.3547967e-05
0.0003627107
0.0002536294
0.0030858286
0.00015196925
0.00096495304
0.0012120769
0.0039350125
0.0115829725
0.0002699559
0.0010496975
0.00026422652
0.023433032
0.003002762
0.0040201806
0.004005953
0.013278285
0.009394415
0.021876857
0.21472059
0.00013231422
0.0037499142
0.000764696
0.033354823
1.1827482e-08
0.006917357
0.00046044504
8.5906795e-05
0.00020818935
3.8187358e-05
0.009203028
