7.000049e-05
0.00013006282
0.00020020122
0.00046689218
0.00013010747
0.0006024988
0.0002089311
7.092594e-05
0.0006427183
0.0036366002
0.0003358662
0.0001318676
0.0002677464
0.00019385111
4.70676e-05
6.9407775e-05
0.00011506695
6.872655e-05
8.980043e-05
0.00043716017
0.00014338779
0.0012305762
0.001025416
0.0015816115
0.0016110981
0.0003251254
0.0037412737
0.006819002
7.18141e-05
8.0549464e-05
0.011836121
0.00026707991
0.1525974
0.041936528
0.022414267
0.08876613
0.10170973
0.00058639445
0.44673812
0.0001245538
0.0033703265
0.00031036395
0.008766517
0.00014771475
0.02680135
0.00058059953
8.312607e-05
9.805142e-05
0.003912727
0.0010297569
0.0041498067
0.000109139335
0.000108355795
9.694987e-05
0.00038901618
0.00023303853
0.0008900995
0.00033778165
0.014799717
7.222961e-05
0.001804279
0.035235
0.0035608183
0.0033426112
0.00018201968
0.0069726086
0.0049488707
9.641946e-05
0.03663143
0.00029437893
0.00081511703
0.010081951
0.00044048068
0.00013180925
0.00023487098
8.151427e-05
0.00034199824
0.08247895
0.00059488125
0.018066296
0.0011292159
8.143402e-05
5.6292978e-05
9.305217e-05
0.00020999438
0.0003405556
0.00038918533
0.0011547749
0.00024252957
0.0035514184
0.00034764613
6.9075715e-05
9.183095e-05
0.0001448893
0.2446011
9.431096e-05
0.00034957868
0.0074306647
0.00047414625
0.00067382824
0.0001477525
2.166659e-05
0.0014107062
0.00033379675
0.007342611
0.026756577
0.00038532857
0.0003176175
0.033872344
0.0007947464
9.3604496e-05
0.014005715
0.002713638
0.026010282
0.04427651
0.0013997909
0.00042209323
0.00015974246
0.0070387027
0.005986678
0.0009160169
0.002175699
0.0023823676
0.023712631
0.00022528507
0.013011333
0.0014202786
0.18739715
0.04381649
0.019754535
0.00045620892
0.00019439119
0.00019902669
0.0004242591
0.00035796364
0.00017999145
0.00014547116
0.023224058
0.006847182
0.0007257755
0.0002421601
0.00036268478
0.003653573
0.012415738
0.0043906206
0.00017581665
0.0019378269
0.006733374
0.0009105635
0.0003816865
0.0002245752
0.0055747316
0.003409882
0.00074580574
8.040634e-05
0.00020616813
0.0003478059
0.00066418835
0.01914848
0.0005351793
0.010815601
0.026545987
0.0002041979
0.00049622887
0.009821023
0.00031049654
0.00034288396
0.0075782626
0.00025275216
0.0002696431
0.07190236
7.3634714e-05
0.00011527395
0.0013169855
0.000111452464
0.00016850888
0.00025252358
0.0036693404
0.0012834631
0.0012350619
0.00024813946
0.00018849151
0.00015539685
0.00054466474
0.01819373
0.00012870596
8.842678e-06
0.00024552722
0.0001882065
0.0018981989
0.0001228202
0.0005403609
0.0009680443
0.00554947
0.00046521687
0.00029040826
0.00018012537
0.00033061765
0.06409008
0.0031033724
0.03339205
0.04398902
0.009453478
0.0013166287
0.43236408
9.941763e-05
0.006679968
0.0010698823
0.013723411
0.0056567346
0.005996031
0.00024195747
7.795603e-05
0.00019723692
5.944429e-05
0.021863261
