5.459068e-06
1.2268736e-05
3.3204597e-05
3.8518025e-05
0.00053133233
0.00016692218
0.00012815316
6.7762458e-06
0.00012348662
0.008149582
2.3394532e-05
0.0001774432
9.226755e-05
1.3710848e-05
5.973489e-06
1.3112319e-05
5.7930847e-06
2.3576124e-05
0.00017029242
2.4532223e-05
0.00045744958
0.0010982811
0.00011754413
4.5162883e-06
0.0003146251
0.0021867205
0.011441076
6.2203594e-06
6.449434e-05
0.020760704
0.00010806738
0.2445323
0.015039146
0.04583463
0.035993233
0.0019389412
0.00040560318
0.114022754
2.018754e-05
0.0047215996
0.00016085886
2.7328006e-05
0.019038426
4.4509987e-05
0.064855926
0.0002725428
8.900021e-06
1.1729245e-05
0.01499717
0.00091459625
0.019989692
0.0001865969
1.20731165e-05
9.890709e-06
1.1668741e-05
3.4048153e-05
0.00085925503
0.00021115165
0.018468242
7.014092e-06
0.00071851234
0.033355337
0.0006127867
0.0042562373
8.123307e-05
0.013354469
0.0056073107
2.0208496e-05
0.007336306
7.013833e-05
0.0001731052
0.017389365
7.9843674e-05
3.1856704e-05
0.0001577831
1.3158593e-05
0.000114187154
0.024900278
5.7126927e-05
0.07494791
0.00041718013
1.3009957e-05
5.9787153e-06
7.0150018e-06
4.57348e-05
0.00011415917
9.625191e-05
5.236081e-05
0.00030562092
0.0001958875
0.00037032602
0.0005305439
1.805771e-05
2.1147565e-05
0.19499765
0.0010302543
1.7093615e-05
1.4633714e-05
0.00020164916
0.0146570355
0.00018087194
8.82546e-05
1.4591603e-05
5.0770537e-05
1.01948945e-05
0.00095281616
0.0004768419
0.00019056644
2.0105423e-05
2.0371477e-05
0.016261367
2.4943765e-05
1.9745252e-05
0.06566791
0.0039880183
0.009960212
0.0096467445
0.0025896896
0.00069891906
3.7801226e-05
0.008605575
0.0023097533
8.147611e-05
0.0005303753
0.015570325
0.018506886
0.2447767
0.0017996499
9.4450734e-05
8.90749e-05
0.00079994596
0.0001617113
3.8953654e-05
3.7167312e-05
0.0058908034
0.007889154
0.00029733754
0.00014337234
0.00056818663
0.010571816
0.0171894
8.9980604e-05
0.004635448
0.005963304
0.001314687
8.9337416e-05
0.00015923816
0.0051108385
0.005878699
3.7819e-05
2.806469e-05
0.0003684361
0.00042867727
0.00042456252
0.011506023
0.0007411204
0.009121671
0.0075485306
2.0011235e-05
7.1320326e-05
0.030260531
0.0002645121
0.0003134739
0.0103112245
0.00015169938
0.000101388316
0.0061419136
5.2010462e-05
0.0010295964
4.612361e-05
7.428585e-05
0.0014718572
0.009442749
7.492478e-05
0.0020944204
0.0040072473
6.2295236e-05
0.000118669086
2.4082643e-05
0.0006320405
0.014112453
7.077111e-07
3.5151406e-05
3.6307505e-05
0.001044988
2.569677e-05
0.00019043456
0.00063624914
0.005216925
0.01619335
3.22991e-05
7.570431e-05
0.0021502993
0.04621443
0.0026383619
0.009118168
0.033308562
0.01157432
0.0018949042
0.086396724
2.6915086e-05
0.0045877495
0.0009952309
1.4102255e-05
0.009988417
0.0111428695
0.0007017703
1.2072784e-05
4.368223e-05
2.4676237e-06
0.009729275
