2.0385218e-05
4.92127e-05
5.9611753e-05
6.824542e-05
4.877534e-05
0.00013961078
8.6385066e-05
2.16344e-05
0.00017768075
0.001425342
0.00034616017
4.9906674e-05
0.0001599226
3.654936e-05
6.066386e-11
3.626142e-05
2.0284764e-05
3.6453323e-05
0.00020242551
4.292902e-05
0.00015445112
0.00079562643
0.00037212542
1.4035438e-05
0.00025620716
0.0011142233
0.0049933754
2.1658449e-05
0.00016794921
0.0053801336
0.00014778547
0.08895259
0.010177744
0.0073300963
0.015563251
0.008866267
0.0011381751
0.18186472
5.3079686e-05
0.0016879723
7.652215e-05
0.0034091077
6.951123e-05
0.007682451
0.00023275183
3.3096603e-05
3.2002343e-05
0.004330153
0.00078496814
0.009702125
0.0002063892
2.6707447e-05
2.9306117e-05
0.00020818975
6.177478e-05
0.0004403199
0.00015560443
0.0046885824
2.2259444e-05
0.00050297397
0.0028044744
0.0012763402
0.0008255761
8.2939834e-05
0.0035781667
0.0018338443
4.017058e-05
0.011540273
0.00010345222
0.00046677067
0.0022740255
0.00014583074
5.306678e-05
0.00015643248
3.0853527e-05
0.00010204362
0.029842457
0.00707183
0.012799836
0.00064196583
2.2994906e-05
2.0914074e-05
4.349835e-06
9.395944e-05
0.00018864541
0.0001067641
9.273019e-05
6.1255036e-05
0.0004109034
0.00012447151
0.0021848485
3.6411497e-05
3.8697952e-05
0.070537694
3.9071067e-05
0.00014541914
0.0046903584
2.246554e-05
0.00013283406
4.0793348e-05
0.00052789995
0.0016315302
0.00030633737
8.7376095e-05
0.00010361148
0.018283125
0.00030419827
5.059828e-05
0.006142623
0.0021089232
0.0049259122
0.021077855
0.003032701
0.0003500022
7.996529e-05
0.004226419
0.0016502134
0.00033423427
0.0046055904
0.00010154497
0.00674977
0.00031810693
0.047316976
0.01651891
0.006440598
0.00016037245
0.0001000247
0.000109536784
0.00040137218
0.00025730408
6.7891335e-05
6.0644517e-05
0.009702446
0.0065830667
0.00016765448
0.00014083982
0.0007338696
0.008483787
7.479142e-10
0.00010978304
0.0022659246
0.008129102
0.000663316
0.00011252633
0.00013540777
0.005159863
0.003005303
0.00041589045
0.00049637695
0.0007118358
0.0016147409
0.00090757525
0.00046461946
0.0003073467
0.00022164323
0.00027325362
0.008610409
0.00042528778
0.0038527967
0.009658779
6.205333e-05
0.0016615908
0.0094784675
0.00043154633
0.00022826236
0.0057917368
0.00014694167
0.000114541464
0.004677232
0.000104749335
4.0249073e-05
0.000809852
5.6594454e-05
6.8057016e-05
0.00020487011
4.8856714e-09
0.0010586254
0.002282714
5.3936146e-05
0.000113709495
3.4941124e-05
0.0004358214
0.0066246865
0.0001685587
5.5017397e-05
6.885217e-05
0.00068363524
5.5400786e-05
0.0001860733
0.0005715286
0.0032885205
0.0040940363
8.683221e-05
5.597837e-05
0.0006523753
0.00024965944
0.013460098
0.0029688536
0.002552426
0.0075401836
0.00473792
0.0009826809
0.0010801392
0.14424737
4.385469e-05
0.004684174
0.00048393372
0.02093127
0.008731915
0.0035168
0.00023206315
2.7597309e-05
1.01162954e-07
1.4536075e-05
0.002564157
