7.145301e-05
0.00023260874
0.00022390962
0.005172563
7.1282935e-05
0.00052642263
0.0029145011
0.00014287664
0.00045990283
0.000236552
6.833073e-05
7.1392315e-05
0.00010392603
0.0007532072
0.00012840441
0.0007158366
0.0012470721
0.00018751186
0.005079815
0.006225498
7.4323245e-05
0.0005649121
0.03640036
0.0004480236
0.021547459
0.013275011
0.041325986
0.06867103
0.15294099
0.0028108987
0.30507538
0.00014603723
0.0032035096
0.00077918347
0.00020488653
0.023663236
0.00018984155
0.01462658
1.3748888e-11
9.427949e-05
0.009843529
0.00014323991
0.006020106
0.00015129159
8.289129e-05
0.00044789293
0.0006415558
0.0069455476
0.00084448705
0.0044028144
7.7962795e-05
0.012212965
0.012114993
0.002109418
0.0015187194
0.00022916231
0.01211812
0.0069121565
0.000117231364
0.027530463
0.00029650246
0.0006179576
0.005042626
0.0003955141
0.00017020495
0.0003952002
9.127361e-05
0.00035082368
0.017649712
1.3704423e-06
0.022586979
9.0708585e-05
7.4867785e-05
8.815769e-05
0.00026616835
0.00027665362
0.00017021548
0.008568367
0.0016558951
0.00028518628
0.0009200475
0.00011160625
0.0868757
0.00010983487
0.00011589834
0.00039957996
0.00569484
0.00036690003
0.00030133888
0.000114351584
0.00025827542
8.405677e-05
0.00036283553
0.0006851915
0.0005905967
0.0030057158
0.0005237565
0.04636726
3.716104e-05
0.00012325664
7.0086936e-11
0.0035649813
0.008402526
0.02504589
0.0014359033
0.00094910135
0.00016914668
0.003811994
0.00032810314
