4.4493413e-06
2.5612928e-05
6.773537e-05
0.00012634018
3.57685e-05
0.00042637406
0.00037522335
4.6785344e-06
0.0004389102
2.3810251e-05
2.4677209e-05
0.000182044
6.939427e-05
4.379158e-06
1.8800074e-05
4.242649e-06
1.066407e-05
8.043421e-07
1.0301925e-05
0.0077945334
0.0066816136
0.0011036667
9.209697e-06
0.00040867124
0.00014722146
0.0052875197
4.781491e-06
5.8711397e-05
0.00011522142
0.00019825339
0.29474694
0.06686537
0.017780757
0.14467755
0.16304153
0.00090362504
0.08995705
1.9346151e-05
0.005682972
0.0008661469
3.1953245e-05
0.015418977
5.5795783e-05
0.013232681
0.00053446816
6.940658e-06
0.08183634
0.0026509343
0.0039027133
8.0500555e-05
8.274089e-06
3.2774074e-05
0.0011533767
6.7785826e-05
0.0028868977
7.998428e-06
0.006844902
5.0378203e-06
0.015847651
0.008396767
0.0048205312
0.003359288
0.0004941346
0.60721177
0.0005471613
9.355485e-06
0.056616236
0.000111305795
0.00060589693
0.016508283
4.8398877e-05
2.578163e-05
0.00011616266
6.9948933e-06
0.0002501937
0.06330684
0.0001792608
0.015978476
0.0060688127
6.9615394e-06
4.698396e-06
1.03492985e-05
8.2547915e-05
0.00020403111
0.00038851405
0.0003290918
0.00027433693
0.00175556
0.00020476994
4.0815026e-05
8.789861e-06
1.7708821e-06
0.00888309
9.575863e-06
1.5339076e-05
0.00022603638
0.031946864
0.0006069214
0.00027567387
1.5304871e-05
0.000106288084
6.6881294e-06
0.00078113494
0.07946028
0.00036837623
0.00015601717
7.757442e-05
0.023179298
0.0012023614
8.663232e-06
0.0011951454
0.0036015045
0.008544638
0.0120053645
0.0060910084
0.0009681069
5.0949802e-05
0.022482025
0.00010536957
0.00010990989
0.00023234497
0.00026636967
0.0005856717
6.1152605e-05
2.7721204e-05
0.0053536813
0.0076532583
0.00016482166
0.0011686117
0.00011284127
0.007149217
0.0036353667
9.6184005e-05
0.0051305634
0.0072478447
1.2720262e-05
0.00013598512
8.771436e-05
0.013006527
0.0011708591
0.0007036129
0.0007575189
0.00055663456
0.00017884267
0.00021794843
0.0021675292
0.00026001778
0.0016092209
