7.400634e-05
0.00011710491
0.00049029296
0.00010272615
0.00024914084
0.00013732661
0.00030976534
0.00026825693
7.481169e-05
0.0004422465
0.0015965156
0.00038233201
0.00013061626
0.0008820729
0.00027823568
5.165784e-06
7.358924e-05
0.00012512352
7.208077e-05
8.204966e-05
0.0003491419
0.00050680345
9.975618e-05
0.0019365308
0.0010623216
0.0008528794
5.057026e-06
0.0009118632
0.009263798
0.00089528115
7.4390824e-05
0.000801002
0.042444356
0.00033050546
0.14484248
0.029788367
0.0013230571
0.030633237
0.030394072
6.8753644e-07
0.1961888
0.00012570148
0.00529117
0.00088651624
0.00021307661
0.0031254368
0.00018292092
0.13355142
0.000621873
0.00010589345
0.00010265967
0.0075793783
0.0013644801
0.011279364
0.0002449291
5.471467e-05
0.00012859027
6.2734725e-05
4.1314666e-05
0.001635258
0.00012770595
0.054618537
7.564593e-05
7.704304e-05
0.0029901934
0.008576549
0.005442072
0.004205172
0.00018766406
0.006778211
0.00932381
0.00010112859
0.022330584
0.0003617469
0.0014445536
0.018197512
0.00031116416
0.00013214613
0.00022801461
8.287461e-05
0.00026711915
0.037614744
0.00038796512
0.046883263
0.00037444258
8.251533e-05
7.635246e-05
8.1217106e-05
0.0002039216
0.00032736827
0.00055231067
0.0005664689
0.0002874808
0.0003323811
0.0007035667
0.00015988051
9.7600576e-05
9.5185445e-05
0.17518407
0.00065754086
9.402226e-05
0.00010284093
0.0002758219
0.006797119
4.662619e-06
0.0002344669
1.5322745e-05
0.00019552493
8.4842424e-05
0.0010544087
0.00033706464
0.0005328826
2.9077144e-06
0.0004369385
4.163584e-07
0.027264858
0.0022751333
0.000102223006
0.013534975
0.09017838
0.029612329
0.10589482
0.003190696
0.00063379103
0.00022156042
0.02295642
0.017129142
0.015452094
0.0015599525
0.032933377
0.00078239583
0.009947571
0.0014791116
0.07662365
0.036048766
0.02515625
0.00029483117
0.00022571378
1.630124e-06
0.00042335875
0.00046635838
0.00018096287
0.00015096605
0.03319678
0.009406363
0.00012812139
0.0005985279
0.004735126
0.0009811242
0.012143372
8.449969e-06
0.0002432978
0.004172793
0.0124205155
0.000911924
7.399582e-05
0.0008754914
0.006526508
0.005654726
0.0006951059
0.001681678
0.00093323336
0.0018207722
8.8568305e-07
0.000605782
0.0005213634
0.0003463467
0.0009141049
0.021408979
0.0018463095
0.09812434
0.013037646
0.0001753263
0.00032370366
0.04473279
0.00059403194
0.00028982604
0.026365276
0.0003113636
0.0002273631
0.00017609264
0.00030135183
0.00011104817
0.0053568766
0.000116048956
1.0058716e-06
0.0005242552
3.097402e-07
0.0015338033
0.0028534145
0.00040155396
0.00025212113
0.00012830271
0.0022481778
0.00016090949
7.714787e-05
0.00017167741
0.00030380007
0.0002262311
0.00016927141
0.0024646618
0.00013209689
3.570572e-08
0.0009610838
0.005589077
0.014697396
2.9472462e-06
0.0024360875
0.00067521806
0.018886661
0.002366081
0.021585684
0.03094952
0.029444886
0.1144806
0.018211868
0.0074145226
0.3143108
9.92387e-05
0.0008302207
0.000913811
1.957171e-06
0.011976029
0.008252476
0.0004996303
7.9156234e-05
1.9788693e-07
5.8647387e-05
0.008929862
