9.337089e-06
3.6656347e-05
7.162185e-05
5.1877905e-05
4.0572442e-05
0.00029994588
0.00034888816
1.028503e-05
0.0002737188
0.0008163336
3.2316973e-05
0.00012565464
8.582214e-05
9.660828e-06
2.8512828e-05
9.425561e-06
1.5235509e-05
0.00027255632
2.062411e-05
0.0014379956
0.00047041842
0.0003150192
3.310143e-05
0.0004451053
0.002018943
0.004406942
9.9547915e-06
0.00012734457
0.0037142653
0.00012907948
0.034830086
0.007337806
0.009454176
0.038298547
0.07626241
0.00069187174
0.19291066
3.2442804e-05
0.0012700501
0.00041128622
8.731403e-05
0.0038735822
5.110074e-05
0.0064644665
0.0002815816
1.4756322e-05
0.005225861
0.003981296
0.0033854719
7.394991e-05
4.8599184e-05
2.057861e-05
0.0005280418
6.11224e-05
0.0012104657
0.00033185203
0.005728595
1.0691176e-05
0.0011562707
0.017592328
0.0009805943
0.0006042822
6.066361e-05
0.0057837083
0.001926619
1.7102942e-05
0.0050701
9.917939e-05
0.0003163193
0.00206496
0.00019272577
4.24219e-05
0.00011777794
1.4874552e-05
1.9487472e-05
0.00020088787
0.020779517
8.40235e-06
0.018783217
1.17321315e-05
2.060447e-05
9.861945e-06
5.053508e-08
9.381547e-05
0.00011515069
3.1704994e-06
0.00027028762
5.4072825e-05
0.0009963115
0.000104282415
0.0001689494
1.8709108e-05
5.980768e-05
0.119910315
1.7407408e-05
2.6243797e-05
0.00015268677
0.005306582
1.4206908e-06
0.00012863615
2.6165253e-05
0.00010155921
1.3236348e-05
0.00070520927
0.00043058704
0.00032234122
0.00014773953
0.00014512797
0.014710551
0.00057907286
1.8545521e-05
0.0043897144
0.0012200909
0.00381135
0.010748059
1.8512156e-12
1.067933e-06
5.0343668e-05
0.009891019
8.587707e-05
8.8464316e-05
7.078114e-05
0.00018659316
0.00020478107
7.706552e-05
4.4567154e-05
0.0031985736
0.0051764655
3.3659522e-05
1.7096839e-07
0.000108736385
2.276578e-12
0.0001504787
5.7100948e-05
0.0027914147
0.00573874
0.001074622
0.00012409761
9.972241e-05
0.004221698
1.4946811e-07
0.00018806531
0.00053545204
0.0006120227
0.0012037209
0.00030191176
0.00020453129
0.00026760553
0.00057511614
0.00013288484
0.036211666
0.00019749567
3.0895193e-05
