3.108952e-05
4.562877e-05
9.877836e-05
0.00011415666
3.2194792e-05
0.0001512861
0.00045936965
5.2936983e-05
9.440985e-05
6.862753e-05
3.1174903e-05
4.5123015e-05
3.040465e-05
3.5361307e-05
0.00020008939
4.707613e-05
0.0001915109
0.00029540964
8.255472e-06
0.00023368576
0.0013510532
0.0030167054
3.1014188e-05
0.00011405449
0.03775936
0.00013850504
0.03697883
0.008722806
0.0065920698
0.03184593
0.005985151
0.00021177769
0.095466755
5.4686705e-05
0.0013934406
0.00020621278
7.37608e-05
0.0007932803
6.868312e-05
0.004224238
0.00017462941
4.8482114e-05
0.00093707046
0.00019567936
0.0023561697
7.9992446e-05
3.1464984e-05
0.00038925046
6.676725e-05
0.0004426079
0.00014450244
0.0005801459
3.3038174e-05
0.0003845088
0.00091089064
0.00088659266
0.00038804728
8.4348e-05
0.003843517
0.0012868452
4.5066423e-05
0.0025677055
8.793462e-05
0.00019107644
0.0014294779
0.00012895829
5.7256842e-05
0.000108917884
4.0047573e-05
0.00010730177
0.007639664
2.0566347e-05
0.009214388
3.992113e-05
3.2339325e-05
3.726079e-05
9.620492e-05
0.00010626297
3.8634458e-05
0.00010058577
0.00038158175
9.603453e-05
5.047603e-07
0.00091901724
0.082065664
4.3511558e-05
4.4708653e-05
9.922727e-05
0.0074818945
4.4341537e-05
9.3393974e-05
4.4669527e-05
8.364738e-05
3.8241073e-05
0.00020266749
0.00019596542
0.0002124684
7.148879e-05
8.9307345e-05
0.010196745
0.00020658945
4.6684632e-05
0.0020481825
0.00052770926
0.002577984
0.012920236
0.0021794436
0.00016258612
7.636149e-05
0.0030872049
0.00013751793
9.010408e-05
0.0001620251
0.00013625158
7.34865e-05
6.678406e-05
0.0005512851
0.005373842
5.594027e-05
0.00010524394
0.00017886212
0.0043840264
0.0012100149
9.2815644e-05
0.002077326
0.0073276884
0.00038121798
9.3261384e-05
0.00011508219
0.004704783
0.00093006
0.0005518613
0.0005857847
0.00019377108
0.00013711229
0.00013635504
0.0033137798
0.00015368457
5.6400233e-05
