2.0058274e-05
4.4995228e-05
0.00012764958
8.980009e-05
2.0298852e-05
0.00031629216
3.705346e-05
2.1203301e-05
0.0009972488
0.0028964626
6.218686e-05
0.0002758679
0.00027899488
0.0001325716
2.0095282e-05
5.3474545e-05
1.9597559e-05
1.0129265e-12
0.00034779726
4.1390227e-05
0.0015775387
0.0012769536
3.358356e-05
0.00081980467
0.013321456
0.018898275
2.0816591e-05
5.7539823e-05
0.029312909
0.00033641997
0.12035799
0.33793092
0.48104
0.023240436
0.3584621
0.0014114145
0.87682927
6.0399176e-05
0.0046325144
0.0006713863
0.00014040647
0.0049129995
0.00012526092
0.021277808
0.0004483521
2.9332734e-05
0.0060881516
0.0003391236
0.010803497
4.6197343e-05
7.374258e-05
3.7363625e-05
0.00044947115
0.0001741027
0.0020410237
0.00038176292
0.039138537
2.2033968e-05
0.0015712425
0.002845475
0.0010284715
0.0018843047
0.00015080678
0.010019141
0.00306161
3.7604088e-05
0.013809156
0.00035960955
0.00048484563
0.021086369
0.00027765293
7.131489e-05
0.00022301328
2.9785155e-05
0.00080211076
0.018467939
2.3367686e-05
0.012494046
0.00031499335
2.9655175e-05
2.1140791e-05
6.9078365e-09
0.004263404
0.015317622
0.00035048503
6.685108e-13
0.0007151507
0.0005053941
0.0005080018
0.00034725573
0.0015059636
3.6463684e-05
9.909546e-05
0.262252
3.698702e-05
3.8934784e-05
0.00024121624
1.8451616e-06
0.00010173087
0.00017740109
3.893976e-05
0.0038011686
2.7747255e-05
0.002126197
0.00010913683
0.0006093561
0.0002776056
0.00015524698
0.024154628
0.00034084113
3.861578e-05
0.004208845
0.005129327
0.0057908227
8.636126e-06
1.592402e-09
0.0007658537
9.761156e-05
4.563299e-18
0.00022027658
0.00013857904
0.000487882
0.0003278189
0.00012530023
8.68144e-05
0.0020102821
0.007553791
6.3311614e-05
0.0002162989
3.044807e-07
0.004159555
2.9355739e-05
0.00018820236
0.0037608016
0.004204046
0.00037938688
0.00021308188
0.0002132217
0.007930116
7.977305e-08
0.0007059409
0.00096017035
0.00023693033
0.0024660232
8.891755e-05
0.000828722
0.0006235559
0.00031775952
0.00040230228
0.06211809
0.00047649682
5.772647e-05
