2.6219981e-05
7.038202e-05
8.9326764e-05
0.0002487421
2.6520218e-05
0.00024559346
0.0024783176
5.9648606e-05
0.00017353521
4.793514e-05
2.5763735e-05
5.3134125e-05
2.5180956e-05
3.9851642e-05
0.00063752965
3.9600127e-05
0.00021873016
0.00086129905
1.3978228e-05
0.0004260249
0.0018821412
0.010855394
2.6794003e-05
0.0055838055
0.037307188
0.00022813835
0.05008333
0.016466346
0.017495101
0.037772983
0.02029065
0.0020732118
0.1109232
5.3448905e-05
0.0029111912
0.00010782065
0.003300831
8.120138e-05
0.012615193
0.00029043236
3.6259968e-05
0.037545435
0.002541561
0.0251226
6.7282024e-05
3.2441287e-05
0.00032803116
7.62922e-05
0.00094812573
0.0002641089
0.0128924195
2.7811155e-05
0.0010440844
0.00884807
0.0014020742
0.0013313004
7.867386e-05
0.008591259
0.0039721867
4.221318e-05
0.025512991
0.00012703273
0.0005791504
0.0046145413
0.00019649116
5.988336e-05
0.00016706724
3.4961584e-05
0.00014973515
0.015990641
0.000100723795
0.006051677
2.7813914e-05
2.7092623e-05
3.8497754e-05
0.0001266817
0.00020756222
1.4387005e-06
8.472374e-05
0.00072973483
0.0001742982
3.5588575e-05
0.00038198734
0.24362841
4.0405637e-05
0.00016053325
0.016095556
8.299941e-05
0.00013532245
5.7344158e-05
0.0007595721
0.009164109
2.7771473e-06
9.485545e-05
0.00018225554
0.01853148
0.0021499682
3.7355825e-05
0.0070893224
0.0015475198
0.007816739
0.017251095
0.00897949
0.0007526479
8.37743e-05
0.0046236464
0.00011630387
8.6643365e-07
0.00029978892
0.00031159163
9.081902e-05
6.829106e-05
0.0021063434
0.010854877
0.00014134315
0.000100659665
0.0003404756
0.009778583
3.8104667e-05
8.587838e-05
0.004412909
0.011315968
0.0004472018
0.00014628809
0.00011143812
0.0030040243
0.0031376344
0.00047256966
0.00058108364
0.0006761963
0.0021157295
0.0010849009
0.00054985273
0.00032787552
0.00017507521
0.00024405682
0.014629824
0.0005446525
5.412106e-05
