0.00018866718
0.00026623814
0.00041162872
0.0005849643
0.0003635932
0.0007424976
0.0018161988
0.00018601262
0.0018809285
4.7321028e-06
0.0003030011
0.0008165677
0.0008852661
0.00042965548
0.00018467907
0.00031288955
0.00018114688
1.044897e-06
0.0008336027
0.00022796026
0.0019896463
0.0014941734
0.00017987857
0.0016366163
9.3455725e-05
0.012259282
0.00018881024
0.0004120228
0.001502015
0.00080906105
0.7764841
0.11025757
0.12473148
0.04877677
0.06178981
0.0040380163
0.18604204
0.00028719366
0.004706342
0.0012316585
0.00019054826
0.013654672
0.0005260392
0.030203229
0.0008722321
0.00022316664
0.042924963
0.062983766
0.007217133
0.00027989162
0.00020741348
0.0002606674
0.0012725034
0.00053949945
0.002992318
1.9565588e-05
0.048351843
0.00019186403
0.002237124
0.009198074
0.003109752
0.0029222616
0.00043150666
0.010432762
0.00029750372
0.0002310535
0.028878596
0.0011547386
0.0011932566
0.01562597
0.00026351176
0.00029934195
0.00051623536
0.00020563375
0.0018033759
0.046044786
0.0011469158
0.07201499
0.0011768383
0.00020561101
0.00019280058
0.00023684857
0.00036993067
0.021011574
0.00093812763
0.0012965335
0.0020404041
0.0018679695
0.001964539
0.0011080924
0.0003599121
0.00022733364
2.1599993e-05
0.07644188
0.00022403518
0.00024386238
0.00057991536
0.01427841
3.5939468e-07
0.0005355873
0.00024352013
0.0070942077
0.00020889982
0.002792522
0.054164443
0.0008488104
0.0010727706
0.00012719771
0.060512904
0.0012357198
0.00022891861
0.0022576796
0.0061431644
0.013976434
0.0050312486
2.4962423e-05
3.721732e-09
0.00041667497
0.020454524
6.95115e-16
0.00054022606
0.0004204908
0.00072969374
0.0007116256
0.00040880116
0.00033280472
0.0043779137
0.019601189
0.00049574993
0.0004884706
4.7374538e-06
0.015131857
0.005321707
0.00051413215
0.006277956
0.013975389
0.0020142866
0.0006811107
0.00047687805
0.014211139
3.5277913e-05
0.00081182877
0.0014087665
0.0016965743
0.00347715
0.0009528551
0.00092149025
0.0009355917
0.00066115276
0.0009678191
0.005332896
0.0010808592
0.005778769
