4.943419e-05
8.378548e-05
0.000109172746
0.00049165223
0.000103604456
0.0018134051
0.00027437226
5.3172957e-05
0.0002352264
0.0027117378
0.00023825417
0.00011619313
0.0002022972
7.547328e-05
5.0614923e-05
4.730018e-06
5.000367e-05
8.46137e-05
0.00067274994
0.000114369235
0.00029946098
0.0005688247
0.000658335
1.2384125e-05
0.0015047689
0.00086014863
0.00203024
5.1664236e-05
8.590639e-05
0.057354372
0.0001846933
0.17202465
0.015474882
0.025214931
0.054362826
0.15628603
0.0025044016
0.22507465
8.91984e-05
0.003196627
0.00011770798
0.04812733
0.00013153013
0.008217551
0.00025341308
0.00012982839
0.0040877024
2.7252037e-05
0.009627762
0.0004687955
0.00039142452
6.286258e-05
0.0016229926
8.7605185e-05
0.000600125
0.00021360732
0.0029567597
5.4056072e-05
0.0003559023
0.06830261
0.0008064067
0.0012189174
1.4920919e-07
0.0059253597
0.0021990342
7.945139e-05
0.051696774
0.0002513346
0.00088135834
0.003987492
0.00024523522
0.000102821316
0.00024828338
7.1438706e-05
0.0038036706
0.021743378
0.00043333124
0.018470654
0.00090118474
5.6335455e-05
5.134488e-05
5.9105307e-05
6.4349486e-05
0.0009936809
0.00066448975
0.014363828
0.00017754661
0.00048701756
0.00021147403
9.287109e-06
8.039001e-05
0.0009663616
0.04564959
8.366086e-05
0.00021742478
0.0033124685
0.0010189842
0.00028967074
8.364626e-05
0.00046070936
0.024016049
0.00023529708
0.0003125729
0.00020257918
0.020555908
0.0006084728
3.636436e-06
0.0005405371
0.00027042476
0.00029038388
0.00015786439
8.971842e-05
0.00044778534
0.00012733764
0.004315901
0.0009367562
0.00016055332
0.00016900431
0.0005364198
0.000352317
0.00011938732
0.00011352489
0.0046790545
0.008718915
0.00027743517
0.0003076501
2.442328e-05
0.0060599116
0.0007791166
0.00011963461
0.0029409735
0.013204792
0.00064737943
0.00020122125
0.00033902112
0.0072730505
4.0569732e-05
0.00080025103
0.0006013291
0.0003007947
0.0012584506
0.0025427106
0.0011970095
0.00032526773
0.00030302454
0.00030150817
0.026046887
0.00014243714
0.000116469346
