2.6091697e-05
5.493205e-05
0.001152038
4.380583e-05
0.00010180899
0.00011901156
0.00024246392
0.0017576857
2.8203074e-05
0.00031836418
0.0010024126
7.233155e-05
0.00020454027
0.0001178776
2.6619367e-05
5.374079e-05
2.6030062e-05
9.656241e-08
0.0006986503
5.134757e-05
0.0044381707
0.0015482716
0.001602896
4.320411e-06
0.0013211273
0.0022743326
0.009866579
2.723762e-05
0.00022388698
1.8895149e-07
0.00022658383
0.11714683
0.052507356
0.060740888
0.13410647
0.10100383
0.0007769154
0.23100479
7.008906e-05
0.005110559
0.0004391387
6.234505e-05
0.0006721161
0.00018252754
0.021271622
0.0002948947
4.4032247e-05
0.0051795165
2.829861e-05
0.009323494
0.00020661917
0.00016861173
4.7239104e-05
0.00025600375
0.00031256932
0.0015328184
0.00046004404
0.0018095071
2.9460738e-05
2.923675e-05
0.01475754
0.0040118345
0.0031965415
0.0011183508
0.0001166285
0.008293191
0.016332075
4.6913177e-05
0.092146024
0.00017565208
0.00032548423
0.01876218
0.00024536854
7.993631e-05
0.00019923535
3.9196497e-05
0.0008227774
4.5545738e-05
0.05604992
0.006024964
0.032768577
0.0009095411
3.9029324e-05
2.7528838e-05
2.4540299e-08
0.0001379178
0.0003134948
0.00013441104
0.00017453718
5.027295e-05
0.000563487
0.00021383353
9.668094e-05
4.8497837e-05
0.0015126178
0.116053835
4.6959954e-05
5.4714463e-05
0.00023663638
0.007768843
1.4916594e-06
0.00019676489
5.4526634e-05
0.00015344209
3.5341454e-05
0.0010723742
0.00011671717
0.0069002234
0.00051441183
0.0005685496
0.00014040848
8.2937324e-10
0.0002628867
5.0545423e-05
0.0035053834
0.0029780623
0.0054267426
0.02749145
1.9550293e-06
0.00041698932
0.00014664787
0.018567048
0.0010302466
0.00017728408
0.00014920082
0.00028453395
0.00021863737
1.0611785e-14
9.862861e-05
0.0032317794
0.010125646
0.0003086098
1.4561057e-10
4.778719e-07
0.009808784
0.00024133195
0.00021005387
0.003657778
0.0113404
0.0010420076
0.00014725208
0.00021452355
0.0057221428
9.574932e-06
0.00031871677
0.0008272211
0.0004789878
0.002322608
0.00050948566
0.00035056256
0.0004898782
0.00033675978
0.00032184558
0.04355565
0.00018465582
7.3906755e-05
