2.2270573e-05
4.463674e-05
5.423498e-05
0.00010018783
5.782432e-05
0.0005922624
0.0004882374
2.3683207e-05
0.00016381328
0.0011406813
5.447575e-05
0.0001818001
3.952252e-05
2.240779e-05
4.2377626e-05
2.1537237e-05
4.0403324e-05
0.00042004793
4.2995714e-05
0.00016706852
0.00059504114
0.0005893195
1.55095e-05
0.00065381144
0.00088114344
0.0074877604
2.288659e-05
3.7326157e-05
0.051231056
0.00022164914
0.06660822
0.011167289
0.011134428
0.020489598
0.20641802
0.0016124593
0.19507268
4.899673e-05
0.0009841097
4.597382e-05
0.0038679028
9.673691e-05
0.0081022745
0.00020683759
3.5846766e-05
3.9295603e-05
0.0029744527
0.0003254079
0.002891875
0.0001217898
0.00021052707
3.0603183e-05
4.6574667e-05
6.149524e-05
0.00064287975
0.00014093872
0.06183044
2.4963376e-05
0.00081128126
0.0056017586
0.0006508569
0.001014847
7.575024e-05
0.005841049
0.0021179696
4.356134e-05
0.033189714
0.00012229756
0.000606425
0.006968694
0.00012911567
5.6624256e-05
0.000169778
3.643501e-05
9.074752e-05
0.009820072
0.00033825796
0.01951086
0.0008366872
2.5750103e-05
2.3801034e-05
2.7551163e-05
9.170084e-05
0.0001626652
0.0008445457
0.00017520248
7.597015e-05
0.00011862475
0.00016392813
1.6320498e-06
4.3735537e-05
9.201652e-05
0.11637581
4.374146e-05
0.00014273096
0.008213164
1.3323289e-05
9.2448274e-05
4.807921e-05
0.0009146146
0.0028049068
0.00022360476
8.79617e-05
0.00010710007
0.015999421
0.00024150067
4.3752767e-05
0.0049801613
0.0023682928
0.009422964
0.022206685
0.00337429
0.00068689085
7.821441e-05
0.00398942
0.0034453406
0.007449621
0.00010086066
0.005815674
0.00020348636
0.010131325
0.018599393
0.02037155
0.0001125067
0.0001270148
0.00011537226
0.0003799512
0.00023395306
7.3085495e-05
6.982448e-05
0.0034606466
0.00548866
0.00013779516
0.0001844962
0.00025838008
0.0056993854
2.472121e-05
7.403147e-05
0.002935539
0.005362398
0.00044080833
4.8158316e-05
0.00014858649
0.007217259
0.001789506
0.00036212438
0.000415031
0.0003122393
0.00022801221
0.0002755966
0.0072969003
7.6683806e-05
0.0030568792
0.005583268
5.19939e-05
8.519371e-05
0.006545036
0.00030248566
4.394734e-05
0.0047601536
0.0002161752
0.00013807992
0.0054138815
3.789655e-05
0.0003866098
6.6821834e-05
0.00015722009
0.00021309489
0.0008408465
0.00049476855
0.0015368867
9.3985334e-05
0.00033974362
2.4230403e-05
0.00026429404
0.011327118
8.031463e-06
5.8622616e-05
4.716474e-05
0.00061962457
5.172028e-05
0.0009839361
0.0006082333
0.0040576467
0.003887984
4.1859577e-05
4.3964777e-05
0.00019374189
0.012791483
0.004009585
0.008592709
0.010452896
0.0064607314
0.0011661352
0.039642215
4.6503304e-05
0.004492179
0.00030731474
0.01329759
0.005641085
0.0048231785
0.00018449865
3.1729574e-05
6.3061794e-05
1.3569866e-05
0.004162572
