2.7376025e-05
3.2355798e-05
0.00012547956
3.922237e-05
7.75092e-05
7.1647664e-05
0.00027154086
0.0001734821
3.0103898e-05
0.00017535975
0.0015715889
0.0001362716
6.463398e-05
0.00014328514
1.148409e-05
2.84095e-05
4.821673e-05
2.8014363e-05
4.347307e-05
0.00020993834
5.3761443e-05
0.00038895427
0.0014947562
0.0013086013
2.6942565e-05
0.00027853667
0.00061338884
0.0037829282
2.8737464e-05
0.00070896704
0.018090023
0.00013297584
0.08029098
0.013542477
0.008703363
0.026949529
0.021751579
0.0014466294
0.13588917
6.20628e-05
0.0023641775
8.770482e-05
0.009386346
8.3234576e-05
0.009321287
0.00021915413
4.5782894e-05
4.745651e-05
0.0020119117
0.00046126414
0.007207256
0.00012314304
5.682077e-05
4.1251915e-05
0.00017164076
0.00026155612
0.0004759813
0.00018461938
0.0080214925
3.071637e-05
0.0028697758
0.0022198989
0.00085251144
0.010471428
9.18546e-05
0.0048359158
0.0019336352
4.791873e-05
0.016244272
0.00012781913
0.00041265078
0.002892403
0.00020165263
7.195839e-05
0.00016339395
4.140815e-05
0.0001633413
0.033298858
0.0006105955
0.0125314435
0.000382195
4.1207248e-05
3.7480102e-06
3.6705325e-05
9.4285686e-05
0.00012248778
0.00041315754
0.0018972218
0.00010115424
0.00048957934
0.00037837503
0.0001022781
4.9691644e-05
9.054887e-05
0.068136476
4.999585e-05
0.000174443
0.0013249491
2.6347248e-06
0.00013381933
6.494723e-05
3.9721954e-06
0.0014379655
0.0001213831
0.0023142002
0.0017407002
0.0020985773
4.1454538e-07
0.028811313
0.0003308295
1.861903e-05
0.008537257
0.001532555
0.021320159
0.030030102
0.002140189
0.00033756738
9.38127e-05
0.0037712373
0.0020919135
0.009215973
0.000125837
0.016556693
0.00033398968
0.015738683
0.012474035
0.011457218
0.0015085377
0.00011320738
0.00012060224
0.00037456703
7.170716e-07
9.667725e-05
8.314033e-05
0.0026521282
0.006595043
0.0003494832
0.0001500855
0.0010687878
2.1041377e-08
0.008611801
0.004571091
0.000113864764
7.1287604e-06
2.1143755e-05
0.00073158357
0.00011728963
0.00017695525
0.0014441339
0.0012886696
0.0003809251
0.00038696418
0.00039266702
0.00086090225
0.0016066458
0.00038805432
1.2025014e-06
0.00036782422
0.00031055335
0.017425643
0.0005156294
0.0033383823
0.009547975
7.7664125e-05
0.0002360073
0.0038568324
0.00036245404
0.00015944692
0.0070662335
0.0001720422
0.00018111856
0.009622895
5.583049e-06
5.407277e-05
0.00066715264
7.594784e-05
0.00012606134
1.8381188e-06
4.6608866e-11
0.0007839508
0.0028311643
0.00014979325
9.289969e-05
5.507325e-05
0.00023477314
0.009509924
0.00015516572
9.562341e-05
8.464008e-05
0.0013596397
6.161075e-05
0.00014789683
0.0005000021
0.0032117593
0.0035054185
0.000107476764
0.00045152794
0.00018975922
0.015992891
0.0018009706
0.007896339
0.010621709
0.0098499805
0.0024003685
0.0060875253
0.103712276
5.5127217e-05
0.006231714
0.0005307238
0.0052717132
0.0060067014
0.0019991067
0.00023740792
3.9821512e-05
7.718461e-08
1.8655288e-05
0.012342848
