6.6398866e-06
2.9803427e-05
0.00026380917
1.621598e-05
5.5995723e-05
3.7352438e-05
0.00034868036
0.00015274955
7.5145767e-06
0.00025679113
0.0034683002
3.4365166e-05
0.0001781724
2.2441707e-05
6.8492864e-06
2.1247082e-05
6.5912313e-06
6.35015e-06
0.0004045081
2.6031526e-05
0.003033953
0.004216525
0.0005729659
0.00100418
0.0019432191
0.015977878
0.0032894253
7.15675e-06
9.6584095e-05
0.018656163
0.00019115825
0.078653395
0.041850936
0.05293076
0.074190155
0.22326304
0.00040029388
0.30983853
3.510066e-05
0.0034226617
0.00029925493
0.0036764247
0.00013945404
0.04395178
0.0009958503
1.501876e-05
1.9181382e-05
0.005802873
0.005389982
0.0035509376
0.0001299894
3.4224664e-05
1.7415447e-05
0.0010227872
0.00013638494
0.007589015
0.00022191454
0.008715941
8.0142945e-06
0.00552385
0.022893531
0.017621187
0.0055674296
7.486793e-05
0.006754241
0.028125288
1.7037904e-05
0.2994934
0.0014576507
0.0017773879
0.018209985
0.00080588623
3.956412e-05
0.00014293403
1.2779343e-05
0.00018576908
0.0492906
0.043304212
0.02690141
0.0031049747
1.2689234e-05
7.1973454e-06
1.37365005e-05
8.8854744e-05
1.9663192e-05
0.00036700635
0.00028563716
7.979893e-05
0.0012869972
0.0011302674
0.000114992676
2.0256695e-05
7.3818715e-05
0.041715782
1.8867178e-05
2.222286e-05
0.0001785137
0.0024059308
6.5738335e-05
7.4247705e-06
2.2090671e-05
6.954187e-05
1.17228365e-05
0.0020446067
0.00039925045
0.008169707
0.010173047
0.00029589504
0.00029211046
0.21048103
7.068376e-07
2.2178378e-05
0.001986071
0.005006777
0.0063502397
0.017833998
0.004279958
3.2949916e-05
9.107191e-05
0.034043908
0.0005471587
0.00073249673
9.003485e-05
0.00051437895
0.0004905954
6.936682e-05
3.4436763e-08
0.0029132322
0.0077683902
0.00019256487
0.00012865996
5.6436656e-05
0.009716907
0.003903453
0.00010420012
0.004742917
0.0068831416
0.0012999448
0.0003207435
0.00012373946
0.008429039
0.00056722405
0.0014217469
0.0008379949
0.0018774547
0.0032780156
0.0028779593
0.0015690641
0.0004382103
0.00027862485
0.00046058948
0.008144392
0.0015611716
3.806922e-05
