4.251937e-06
2.2461449e-05
5.7516234e-05
7.1784176e-05
4.9119022e-05
0.0036784722
0.0006787821
5.291505e-06
0.0002704967
0.0021954663
0.00091885263
3.316049e-05
0.00019233346
0.0003311223
1.9728295e-05
4.6680298e-06
2.0145115e-05
4.468098e-06
1.4456253e-05
0.0008504181
1.9457777e-05
0.005373768
0.0010545639
0.0010562581
2.4081519e-05
0.0026143217
0.009224045
0.011496515
4.7532117e-06
0.0001381567
0.012767538
0.00018777416
0.12165311
0.02389362
0.06957498
0.04553979
0.055441257
0.0026116723
0.2101208
2.912452e-05
0.0014222033
0.000100094825
0.014660127
8.353267e-05
0.009313976
0.00036931245
9.515625e-06
1.4285231e-05
0.00871098
0.00059121905
0.010111374
0.0020591256
1.8062685e-05
1.3417249e-05
0.00026849384
6.350365e-05
0.010262982
0.00056684436
0.018523643
5.597433e-06
0.0032477754
0.012165144
0.0018888264
0.00088521006
0.000187246
0.009625094
0.0044636438
2.020079e-05
0.01869914
0.00022121149
0.0005864062
0.0064381454
0.00023934753
4.472042e-05
0.0002475808
1.0624501e-05
0.00020606162
0.04180829
0.00025682396
0.017273802
0.0027251523
1.0498319e-05
4.8293896e-06
1.0370057e-05
0.000109715125
6.739144e-05
0.00018047745
0.0003099254
8.907923e-05
0.0020705606
0.0016897251
0.00017221239
1.564728e-05
2.7999353e-05
0.10034835
1.5519798e-05
0.00032111094
0.017084323
0.00016787925
0.00021041288
4.3235217e-05
1.408595e-05
0.0010471346
0.06426747
0.0013512701
2.462054e-10
0.00018328756
0.039807174
0.0008451685
1.6446054e-05
0.012125064
0.033869296
0.008157104
0.022901177
0.0050835814
0.000816111
0.00011091874
0.0025697115
0.0009478994
0.00095510785
0.0044462155
0.00022303456
0.00064544805
0.004079273
0.028035525
0.07206892
0.0033221738
0.00011134146
0.00017171998
5.1629334e-10
0.0006188207
0.00010226045
5.736932e-05
0.014536926
0.0098591475
0.0007856218
0.000115992436
0.0018130005
0.009877981
0.00041660626
0.00024914864
0.0030467499
0.013143704
0.0018311841
0.000100413854
0.00034158558
0.007917932
0.0037452427
0.0004983539
0.001405838
0.0024759162
0.0028622847
0.0024154717
3.670257e-09
0.0008484691
0.00067412556
0.00032640964
0.028208146
0.00046528425
0.0076711723
0.011254107
8.38348e-05
0.000195153
0.015030715
0.0018441621
0.00022033034
0.038115393
0.0003756613
0.00015362771
0.0064656553
2.4308307e-05
0.005436624
4.067378e-05
0.00020774598
1.6736553e-09
0.024609745
0.00011362203
0.00091134984
0.0042503206
2.1614294e-05
0.0021601708
1.171097e-05
0.00088094827
0.007945493
1.3694226e-05
2.9358063e-05
7.8269244e-05
0.0048518656
3.3840657e-05
0.0013081533
0.002910267
0.006105523
0.0050035277
5.0720166e-05
0.00019371974
0.00063664216
0.03131857
0.0041428152
0.009968641
0.010266407
0.00486903
0.0030236808
0.069387585
2.0472517e-05
0.0047124457
0.0012267341
0.02358399
0.0109028155
0.008724587
0.0005134854
9.938392e-06
5.059635e-05
1.6687113e-06
0.007228896
