1.2502649e-05
2.8328634e-05
7.609733e-05
5.0687042e-05
3.0193574e-05
0.0002461507
4.817118e-05
1.3971005e-05
0.0006422817
0.004145255
3.9618713e-05
0.00021499491
0.0002896512
9.20943e-05
1.2890398e-05
3.382362e-05
1.2503293e-05
2.2907221e-11
0.0001923753
3.2477383e-05
0.001372779
0.0012863678
7.8508333e-07
0.00078948896
0.007533085
0.019552924
1.3442493e-05
2.4524586e-06
0.026568921
0.0002284607
0.10939589
0.0970979
0.46770117
0.012805671
0.4507786
0.0015520464
0.8230626
3.9446724e-05
0.003764548
0.0003984083
6.125153e-05
0.00022027889
0.00013326043
0.012902995
0.0003073792
1.9211917e-05
0.004433315
0.0001514794
0.006869104
0.000103822225
5.4167427e-05
2.3097475e-05
0.00014967218
0.00011466015
0.0018296491
0.000320073
0.026933061
1.4644283e-05
0.0015499236
0.00035158824
0.0012112551
0.0035247565
8.792028e-05
0.008111024
0.0020596997
2.6448386e-05
0.017801622
0.00032012243
0.0002876535
0.027962478
0.00015398674
5.3494696e-05
0.00019919928
2.2025733e-05
0.00086624344
0.024104184
0.0006780593
0.003936368
0.00029294827
2.1879248e-05
1.3463187e-05
1.507901e-08
0.0024175153
0.002638544
0.00022707823
5.2845754e-09
0.00050581055
0.00025508134
0.00052272185
0.0002734561
0.0005535188
2.6586435e-05
8.474281e-05
0.16992864
2.7482434e-05
2.3742863e-05
0.00015724874
7.329549e-06
4.876988e-07
0.00013287406
2.3692786e-05
0.00067849946
1.9442845e-05
0.0015193804
0.00011552584
0.00036769256
0.00023182674
9.585768e-05
0.023427824
0.00026664234
2.6678197e-05
0.0036670866
0.003581788
0.006153491
3.8824517e-05
8.709486e-09
0.0007134298
8.73346e-05
2.5048713e-12
0.00016095478
0.000102630496
0.0003460409
0.00022920908
8.134484e-05
5.9041933e-05
0.0015530179
0.0045365277
4.2574204e-05
0.00012674755
8.527048e-07
0.0029438676
2.5110457e-06
7.353761e-05
0.0041507175
0.003944916
0.00016434489
0.00019313766
0.00016856448
0.0034454444
3.7818143e-07
0.0003267889
0.0006573895
0.00023308984
0.0017892945
6.28624e-05
0.0003711161
0.0003602504
0.00029225592
0.00034652834
0.033746503
0.00024429942
5.02811e-05
