3.384834e-05
8.0790545e-05
0.00014559079
0.00010107421
8.880172e-05
5.1510546e-05
0.00015610704
3.705035e-05
0.00028287963
0.006868967
0.0001286884
7.349827e-05
0.00025341986
0.00011332414
0.00012946357
2.0462858e-07
6.4765525e-05
3.4599194e-05
5.6435525e-05
0.00020446966
6.528154e-05
0.00056185934
0.0011019013
0.00045179937
0.0003708567
0.0002332824
0.0009521786
0.007950061
3.5804336e-05
0.00013352388
0.0071147894
0.00020437183
0.13125019
0.015617713
0.031028891
0.02378357
0.022237979
0.00036804067
0.23915008
6.993449e-05
0.003985742
0.00032506743
0.00012636441
0.006957919
9.1744645e-05
0.01456524
0.0003752865
3.9476567e-05
4.9182294e-05
0.0036411954
0.000640806
0.008763902
8.421195e-05
3.0139374e-05
7.263603e-05
0.00027841906
0.00013655698
0.0006147508
0.00021439452
0.02582031
3.7798018e-05
0.0014131456
0.016752612
0.002953486
0.007751014
0.0001231771
0.0075004185
0.0031150824
6.0343216e-05
0.0068308488
0.00023591462
0.0007802935
0.017213697
0.00022001505
8.975865e-05
0.00020462043
4.619188e-05
0.00029995647
0.021016689
0.00012350241
0.01679229
0.0004460276
4.5811546e-05
3.523232e-05
2.1332966e-05
0.00012535269
0.00017260743
0.00017430967
0.00022878114
8.3840634e-05
0.00089705986
0.00041356773
1.1862143e-07
5.8853107e-05
5.7064637e-05
0.13596995
5.7498633e-05
6.2708525e-05
0.000251852
0.007097087
0.00053219835
0.0001611189
6.163832e-05
1.5418715e-06
4.542099e-05
0.00038619374
0.0005000355
0.00028630137
0.00012605617
9.98663e-05
0.00019728264
0.024384039
0.00037913976
5.9240567e-05
0.05325028
0.00013668959
0.009981779
0.050740067
0.0011564483
0.0006278223
7.884021e-05
0.006962368
0.0018695315
0.004094596
0.004209447
0.082884006
0.00015951217
0.03888362
0.0008868093
0.103438444
0.033701334
0.0038839006
0.0005653732
0.00016972603
0.00013506229
0.00025000123
0.00026975677
0.00011575476
9.348576e-05
0.007864688
0.0071708467
7.007696e-05
0.0001584533
0.00048576502
0.00081442064
0.007847023
7.84606e-06
0.00013956419
0.0037966426
2.5301408e-05
0.0004791536
0.0001943543
0.00017895238
0.01005084
0.0020362255
0.00035852325
2.9183497e-07
1.3363136e-08
9.528989e-05
0.0002855615
0.011191262
0.00038276252
0.0067660618
0.011368753
0.00010407668
0.00021869366
0.0056638946
0.00021917753
0.00023145504
0.004171417
0.00022191135
0.00023807863
0.016697632
2.7587497e-05
7.0202565e-05
0.0005149539
9.042815e-05
0.00016942335
0.00017124056
0.0006807771
0.0007501342
1.3099993e-06
9.550249e-05
0.00061479886
7.6472985e-05
0.00037708538
0.03736436
0.00011600946
2.5985022e-05
0.00010892007
0.000113000315
0.0007029772
6.653767e-05
0.0008730149
0.000539841
0.012117984
0.007908897
2.533036e-07
0.000561421
0.000290744
0.031598903
0.0014889231
0.0045173625
0.018704234
0.01872696
1.8652956e-05
0.07162172
7.156907e-05
0.0011687585
0.00055618485
0.011224978
5.3700583e-06
0.015752925
0.00011740242
4.5585453e-05
0.00011483709
2.587313e-05
0.02016438
