1.387138e-05
3.605807e-05
7.098717e-05
0.00011375646
5.0132196e-05
0.00013413462
0.00015076624
1.51944905e-05
0.00023372052
0.0034722693
0.00013662575
4.084605e-05
0.0001625979
2.659767e-05
1.4196373e-05
3.247314e-05
1.37616635e-05
2.477445e-05
0.00020352087
3.0164507e-05
0.0004537368
1.7649423e-06
0.00050603383
6.177938e-05
0.00030010895
0.00085419696
0.00563027
1.4473192e-05
1.5151197e-05
0.007207273
0.00021345848
0.16036189
0.02630958
0.011030937
0.13418534
0.021210436
0.00044619982
0.08150448
3.7216436e-05
0.010522839
0.0021866749
8.5340806e-05
0.021099247
5.3278378e-05
0.013773079
0.00029842983
1.7654844e-05
2.058381e-05
0.0044895546
0.0006704291
0.0052754227
0.00071473815
1.8441819e-05
2.3148195e-05
0.00048152028
5.2541276e-05
0.0008384503
0.00021257739
0.016794149
1.5786522e-05
0.0011675729
0.0036283764
0.0019436891
0.0061573326
9.687538e-05
0.008343618
0.005534052
3.9238646e-05
0.008767767
0.00010038532
0.00028576548
0.04220141
0.00016334317
4.7430854e-05
0.00016821864
2.2149778e-05
0.00015030017
0.01725821
8.9390924e-05
0.01938457
0.0010936769
2.2035376e-05
1.9868109e-08
2.078295e-05
9.0199836e-05
0.000100221376
9.925148e-05
0.000110297515
4.609529e-05
0.000541646
0.00014107235
2.1017084e-05
2.6380552e-05
2.3344164e-05
0.03787186
2.6405996e-05
2.90886e-05
0.00014529344
0.006331591
0.00023036962
0.000112716196
2.9083525e-05
9.711614e-05
2.0617523e-05
0.00033520692
0.003923759
0.00015419889
6.127198e-05
0.00011612491
0.019055579
0.0003610749
2.6783886e-05
0.0048919544
0.0026608368
0.008495816
0.048477437
0.007574101
0.00054210407
4.166971e-05
0.0056131757
0.007288029
0.00014294752
0.000179709
0.026234664
0.018483449
0.020547304
0.00023880204
0.00014783142
0.00012708738
0.00030337894
0.00026531427
7.2131596e-05
5.4694843e-05
0.009187285
0.008964698
0.0001988736
0.00010221745
0.0010736468
0.012813045
0.0070526837
0.00014320429
0.0038847309
0.014334335
0.0007864386
9.2670176e-05
0.00013890302
0.005265014
0.0058603133
0.00038465293
0.00044432378
0.00032254012
0.00024171374
0.0002497211
0.0057247835
0.00042748003
0.0054569137
0.019152034
6.66136e-05
0.00010716239
0.0062580686
0.0007497525
0.00022138955
0.010460564
0.00016168834
0.00013029383
0.0052014543
3.5160727e-05
0.0005572535
4.5569373e-05
9.758224e-05
0.000115156945
0.0027043317
0.0008724927
0.0008301159
1.0253563e-05
0.00040591497
2.6081845e-05
0.00044373143
0.007338786
1.056972e-06
5.369658e-05
7.561542e-05
0.001184817
1.7473926e-07
0.00015105173
0.0004636271
0.005609417
0.009095238
5.623841e-05
0.00019117138
0.00035300723
0.029178428
0.0034508232
0.017047586
0.0069902944
0.0074071637
0.00097258703
0.0007046705
0.022825245
3.3760527e-05
0.0035879079
0.00047198895
0.0034655863
0.008373055
0.0033676352
2.04285e-05
5.891441e-11
9.4740735e-06
0.002551241
