1.4837129e-06
0.00017463225
0.0002719987
0.00021504125
0.00016905286
0.00044038202
0.00038368258
8.2030565e-05
0.00057834113
0.006766603
0.00023996516
0.00015967559
0.00046147895
0.00024507512
0.00013492521
8.050893e-05
8.900378e-06
8.006952e-05
5.8132777e-05
0.0003831327
0.000111272886
0.0021933718
0.0017673771
0.00055498385
1.8993982e-05
0.0003819544
0.008881898
0.007002837
8.5705105e-05
0.000422825
0.01819369
0.00033550302
0.1954278
0.012415029
0.08760291
0.019475171
0.054518767
0.0006344951
0.2882128
0.00014878428
0.011749732
0.00065853196
0.00018291743
0.005291449
1.512877e-07
0.020287998
0.00073391723
9.464791e-05
9.578311e-05
0.0046831807
0.00054398144
0.004066228
0.00021519096
0.0001117368
0.00012211358
0.00068969565
0.0001316977
0.0013615328
0.00043830625
0.0058221784
8.429566e-05
0.0017771646
0.0063176025
0.0037636543
0.0057605
0.00021456752
0.009154602
0.008922332
0.00010316369
0.00014300723
0.00033773915
0.0013598255
0.00685194
0.00032282592
0.00016308732
0.0002710073
9.3004186e-05
0.0004777493
0.047279507
0.0001281578
0.09045954
0.0017264393
9.2916154e-05
8.1891674e-05
0.00011009849
0.0002624632
0.00034854427
0.00075163716
0.0003786599
1.3279895e-06
0.0028795977
0.0012044584
5.624994e-05
7.0401606e-05
0.000111510504
0.054600127
0.00010672522
0.00013066623
0.00034716027
0.0068705124
6.9459948e-06
0.000308556
0.00013042199
0.00027801027
9.1022244e-05
0.00078482146
0.00066904625
2.328811e-05
0.00199823
0.00023279802
0.00036319756
0.030383369
0.00088932633
0.00010302163
0.0243571
0.0116561195
0.018704394
0.046308134
2.7624583e-07
0.0005303334
0.00017419388
0.016880678
0.0027508875
0.0013215678
0.008598483
1.0745177e-09
1.5935959e-06
0.00033198905
0.0006525015
0.084207356
0.090555355
0.021908375
0.00084661896
0.00039230948
0.00021105785
0.0003636698
0.00047599245
0.0002182787
0.00016432154
0.0045299907
4.7956473e-07
0.00024974608
0.00018504921
0.00016837477
0.008937359
0.005634637
0.0002030491
0.003198347
0.008349704
0.0010385014
0.00010472078
8.604214e-06
0.0072205197
0.0010439184
0.00041099743
0.00074863085
0.00103543
0.001950927
0.0004568238
0.00045414185
0.00047558363
0.00045683383
0.00039925266
0.0073788934
1.0231371e-10
0.00012844751
0.012825911
