2.0517999e-05
3.8770206e-05
9.258325e-05
0.0001500543
5.0939747e-05
0.0002340606
8.066261e-05
2.0121075e-05
0.00026706565
0.0011524892
0.00088904554
0.0003001862
8.628907e-05
1.9746514e-05
4.455075e-05
1.9660773e-05
2.037927e-05
2.9517438e-10
2.7545278e-05
0.0008727653
0.0023720881
0.00078604114
2.0681268e-06
0.000114197166
0.0012987098
0.0073403628
2.1296437e-05
5.375027e-05
0.0041378965
0.00016880495
0.058025867
0.046893846
0.010552516
0.07698717
0.11096643
0.0008922049
0.17808194
4.187239e-05
0.0023796402
0.00042193753
0.00015516306
0.00059109426
5.3252115e-05
0.0076689622
0.00032701078
2.0616422e-05
0.0074960436
0.0003791743
0.0035182603
1.6479904e-05
8.819411e-05
3.6105623e-05
0.0017642825
0.00012784252
0.00077749125
0.00019985296
0.014125203
2.0731997e-05
0.0014866663
0.006194893
0.0008511194
0.000848286
0.00015479582
0.0066548577
0.0026695128
2.9132936e-05
0.0045239027
0.0001254675
0.0006495521
0.02907168
0.00025268277
4.760555e-05
0.000106347405
0.00053665583
2.269998e-05
0.0001788183
0.04064544
0.0012323111
0.036946885
0.00014838812
2.269063e-05
2.0482299e-05
3.239621e-05
3.4418836e-08
6.4681335e-05
1.8737608e-05
0.00056013494
0.00057111174
0.00015520345
0.0005514168
4.1965333e-05
0.00015218169
0.07847163
2.8011958e-05
3.821712e-05
0.00015507151
0.022549357
0.00011623868
0.0025485985
1.3575621e-08
0.00011941715
2.3137887e-05
0.00061351864
0.004000527
0.00044375006
0.00026593296
0.00012907443
0.010573053
0.0005637734
2.4706644e-05
0.004965533
0.0019199463
0.00664492
0.015419382
0.003805521
0.00030989383
1.923587e-08
0.010749874
0.00010165542
0.00011511874
7.094778e-05
0.00012775027
0.00014441978
7.605909e-05
4.66707e-05
0.0037801962
0.007665251
4.0611147e-05
7.969291e-05
5.5719365e-08
0.008731349
0.0004895155
8.284229e-05
0.002417564
0.005752008
0.00041785795
0.000120528326
7.848189e-05
0.00488791
0.00067598105
0.00040272242
0.00053037226
0.000626296
0.0014803418
4.9699982e-05
0.00026736807
0.00019351055
0.00015100218
0.00010997394
0.040460978
1.6698623e-11
3.2487413e-05
