1.6896034e-05
4.457064e-05
0.00012702752
2.2019221e-05
0.000114885595
5.3305364e-05
0.00013517619
0.0015739835
1.638169e-05
9.876639e-05
3.84528e-06
3.1218104e-05
0.00012022608
1.3796001e-07
1.5686961e-05
1.6437634e-05
2.4895808e-05
0.00021128214
2.9856537e-05
0.00039451697
0.0007539917
0.00068370136
2.312477e-06
0.00028497973
0.00028031142
0.005773282
1.7546881e-05
0.00015045718
0.0063547217
0.0001448048
0.041798837
0.014058708
0.013381211
0.11444968
0.09201945
0.00011845971
0.6520625
3.2785236e-05
0.0014426131
0.0001782674
1.8712124e-05
0.0007609302
5.2969805e-05
0.008235684
0.00014540237
2.976051e-05
0.08039273
0.10026703
0.00038095965
0.00014888361
2.0160336e-05
2.5404428e-05
0.0001957708
7.1646165e-05
0.0008814562
2.3497632e-05
0.009411282
1.8745543e-05
0.0011825315
0.009976391
0.000509223
0.001127603
5.828782e-05
0.0071692416
0.000664064
2.9329658e-05
0.024943665
6.712187e-05
0.00014531561
0.0047055553
3.21538e-05
3.7877617e-05
9.3726856e-05
2.21996e-05
8.625007e-05
0.015118888
0.00012869688
0.014177658
0.0003896163
2.1972382e-05
1.787815e-05
1.900094e-05
5.4708198e-05
5.735986e-05
9.4773444e-05
0.00014846511
5.2094798e-05
0.000227957
4.976031e-05
6.232555e-05
2.8901213e-05
6.8067907e-06
0.0061763367
2.8126633e-05
2.5520425e-05
8.917858e-05
1.661221e-08
0.000112582995
4.3994973e-05
2.495909e-05
5.6849658e-05
1.9890796e-05
0.0012449234
0.00019530786
9.609426e-05
5.0525276e-05
4.2530417e-05
0.019241787
1.5353579e-06
3.007165e-05
0.0024608031
0.0016446954
0.004333374
0.008938665
0.002714518
0.00042101025
7.510612e-05
0.010396091
0.0001377849
8.849047e-05
