3.7825568e-05
8.581281e-05
4.3431883e-05
0.000120088145
0.00010613921
8.329047e-05
0.00061227387
4.127466e-05
0.00027908132
0.00025312716
8.756141e-05
0.00022369836
0.00014637585
3.915869e-05
7.348825e-05
3.8173886e-05
1.6634627e-05
0.00032238854
7.265341e-05
0.00040779953
2.1186925e-07
0.000822364
3.204298e-06
0.00058755866
0.0005177517
0.010610506
3.9227423e-05
0.00029624815
0.037592355
0.00023332621
0.020435177
0.040516317
0.041658007
0.03738645
0.0041758385
0.0006120288
4.1379095e-05
8.568713e-05
0.0009203745
0.00038854883
9.794629e-05
0.002478362
0.00012343704
0.015375018
0.00016415931
5.844328e-05
6.281476e-05
0.0035775513
0.00031248113
0.0052293697
0.00028582432
1.3052385e-05
6.089597e-05
6.426007e-05
2.1494332e-05
0.000967893
0.0003165184
0.0032695448
4.2855263e-05
4.2566408e-05
0.0015952294
0.009895059
0.0007305726
0.00057665876
0.00015755564
0.006585989
0.0022441607
7.65293e-05
0.009640274
0.00017928505
0.00026605395
0.0009778874
0.0002460761
9.992632e-05
0.0002281803
5.2264033e-05
0.00046085296
6.4668566e-05
0.048771847
0.00027483725
0.016080746
0.00043318406
5.1979125e-05
4.0306848e-05
4.8957358e-05
0.00015151723
0.00025224063
0.0002452619
7.4147974e-05
0.00022180348
0.0002388665
0.004808208
6.647577e-05
0.0001409246
0.03271483
6.345584e-05
6.630977e-05
0.00025318825
0.0068706265
0.013637516
0.00020118248
6.614121e-05
0.00014611676
5.1213916e-05
5.5888013e-05
0.00066707534
0.0002785547
0.0001514833
6.955585e-05
0.01651712
0.00010979875
7.276679e-05
0.013808378
0.009239987
0.003896262
0.045757364
0.0150435
0.00049334485
0.00015198663
0.0003752892
0.004788609
0.0026470858
0.0057359054
0.00019984896
0.018677497
0.00052929355
0.0041192453
0.0091315685
0.013358076
0.00035463914
0.00018964581
0.00020494612
0.0001422135
3.7210903e-05
0.0001435815
0.00012120209
0.033477593
0.00905864
9.253524e-05
0.00022296756
0.00076060253
0.0101078395
0.00069990155
0.00021373568
0.0023563572
0.00889041
0.00071844936
9.2161245e-05
0.0014952659
0.006349954
0.0020946916
0.00037263555
0.00057638757
0.0001670956
0.0017738094
0.000118464566
0.00036419247
0.00016145417
0.00038379763
0.00026973855
0.02514752
0.00021635336
0.111187644
0.014988805
4.0894614e-05
0.00016553166
0.0058501437
0.0024029617
0.00021493324
0.0142318355
0.002573163
4.6473422e-05
0.0042701093
7.453057e-05
0.0016716023
0.00010279976
0.0019821525
4.1349784e-07
0.00056079787
0.0005047452
0.0033654035
8.833871e-05
0.00043789422
4.9773545e-05
0.000368014
0.0050105695
0.00025881155
6.646474e-05
0.00012172643
0.0010530861
9.194556e-05
3.4157754e-05
0.00010322134
0.0046694735
0.00098014
8.687535e-05
0.00024334257
0.00028596388
0.027323835
0.002950136
0.0032157078
0.028566536
0.0037521843
0.00050457445
0.0022574058
0.055321615
7.3369694e-05
0.00057415356
0.0008032421
0.015565115
0.0043495917
0.001455099
0.00044442885
5.083633e-05
1.3573394e-08
2.4263005e-05
0.008962783
