8.393319e-05
0.00011264109
0.00017078662
0.00033709803
0.00013316302
0.00024708724
0.00018349635
8.682981e-05
0.00033249106
0.005484292
0.00037382107
0.00012676205
0.00036711482
0.000117499854
8.3876366e-05
6.693191e-05
8.303899e-05
8.932745e-05
0.00019265873
0.00013679155
0.00034761263
0.0019078029
0.000516178
8.3538165e-05
0.0004024162
0.0005950471
0.010056874
8.729789e-05
0.0009874955
0.020304514
0.00037710977
0.11847683
0.05236124
0.011947761
0.020787943
0.012948204
0.0025761581
0.06366857
0.00013502585
0.004127597
0.00017876852
0.022840278
0.00017914477
0.010319052
0.0007046117
0.00010358114
9.411438e-05
0.0057399343
0.00058780564
0.0028631114
0.00025127447
7.141207e-05
8.102062e-05
0.00051517336
0.00019647452
0.00061810366
0.00027563915
0.013279966
8.890492e-05
0.002610674
0.003849563
0.0014988512
0.0018396256
0.00036664092
0.007388417
0.0040411507
0.00012593687
0.008660379
0.00022434857
0.0004993792
0.030559877
0.00026052352
0.00015762479
1.944815e-07
0.00011473637
0.0003924834
0.026089633
0.000105883555
0.030191083
0.0014737
9.049674e-05
8.539119e-05
3.288089e-05
0.00022187052
0.00058243406
0.0010384679
0.00046787495
0.000103403116
0.0018817992
0.00031149422
6.698919e-05
0.00011321926
8.14327e-05
0.045132305
0.00013285519
0.0003048975
0.009281701
0.00036841555
0.00050747907
0.00012919436
0.00067002414
0.006212864
0.00036406907
0.00015054931
0.00020545934
0.018896993
0.00027693674
0.00012528099
0.018253222
0.0059477836
0.013806598
0.017648282
0.0029325471
0.0009915938
0.00015388546
0.0065254443
0.000532872
0.013812851
0.001062225
0.00413249
0.008639644
0.019997185
0.00024490437
0.009874417
0.0002579993
0.07012712
0.021437874
0.03429952
0.00026663928
0.00024996026
0.00023214414
0.00038495706
0.00027819828
0.00017549406
0.0001682175
0.011015083
0.001755794
0.0003270753
0.00032192605
0.0009695247
0.009948496
0.001136732
0.00024228943
0.004320368
0.009259055
0.0008111816
0.00015146537
0.00030069434
0.0045679198
0.0040838397
0.0007758641
0.0008951029
1.596012e-08
0.0003575038
0.0002880034
0.0049796132
0.0004282713
0.00717817
0.014022272
0.00015144111
3.5123056e-05
0.020748535
0.00042264242
0.0005629988
0.007816014
0.00031103307
0.000294283
0.007858587
0.00013003654
0.00086188066
0.0001718312
0.00016799376
0.00031268143
0.0030777727
0.0005839538
0.002130801
0.00021968782
0.0019732087
0.00018164399
0.00067029684
2.0156703e-09
8.330906e-05
0.00032152756
0.00018498182
0.0035787513
0.00013389706
0.0016587654
1.9550556e-05
0.0057596727
0.012219063
0.0002365175
0.00037371382
0.00037539258
0.022149034
0.00029603895
0.007188423
0.012322095
0.0066421763
0.0012860855
0.0041714385
0.90883255
0.00014940299
0.007583419
0.00033939045
0.011972099
6.3293883e-06
0.005438831
0.00017378973
0.0001029359
0.00011648567
6.765498e-05
0.004242119
