4.547418e-17
7.4699055e-17
1.3002017e-16
0.0003330993
0.00019009568
1.2965364e-16
4.7021828e-08
4.6051484e-17
0.00031497172
8.8807926e-16
6.997092e-17
1.8971734e-16
6.3181036e-13
4.53249e-17
4.2109003e-13
4.4171703e-17
5.474343e-17
7.6487276e-13
6.249344e-17
4.3807922e-16
4.985513e-16
1.4281829e-12
1.2971993e-16
0.0016503156
1.8092926e-05
0.00073323876
4.5269947e-17
0.00017536977
0.0015271439
2.7245611e-16
0.0788617
1.9985949e-14
1.1191189e-14
0.044896893
0.08438515
0.00037445422
0.40265518
8.12067e-17
1.3828759e-15
4.198127e-16
8.520972e-06
0.01114517
0.00023371786
0.004684201
2.8390564e-16
6.046914e-17
1.0418092e-05
0.00027631986
0.0042109867
0.00015614396
5.2899087e-17
7.636118e-17
0.0002243152
0.00019493038
5.70531e-16
7.1856874e-07
0.0010917375
4.782262e-17
0.0006309515
4.108944e-15
1.0107538e-15
9.111462e-16
1.10505904e-16
0.0036874237
8.150755e-07
6.099713e-17
2.168121e-15
1.6095206e-16
2.9511046e-16
1.031862e-14
1.2084003e-05
8.7941144e-17
1.6659039e-16
5.4323628e-17
2.670488e-16
0.00628504
0.00012403892
0.0061051557
5.420729e-17
4.7577338e-17
2.7106237e-08
1.0252471e-21
0.0002884906
4.91233e-13
1.2469621e-16
0.00013597551
3.1487707e-05
7.745767e-06
0.00013657547
8.922664e-08
0.025140366
8.50472e-05
9.816509e-05
0.00022927552
0.0028785258
5.3715335e-06
5.7908583e-05
1.5093131e-09
0.00018216936
2.2942235e-08
0.00036800347
0.0005661184
0.0005950831
1.3449588e-16
3.0249516e-06
0.029487511
0.0008022988
5.9756904e-17
0.00014492178
1.055079e-15
5.550384e-15
0.0013349431
0.0014129316
6.1865624e-16
7.1146943e-22
0.002144918
0.00020018766
0.00026748359
0.00034534142
0.00038873352
0.0001622598
0.00020131913
0.0026394527
0.0092353895
0.00011191306
0.00013850478
0.0014841217
1.637082e-07
0.0005989975
0.0003253617
0.00375586
0.012726482
0.0010528424
0.00032415453
0.00030175404
0.008421925
0.003681677
0.00095079344
0.00087007054
0.00087564834
0.0019687312
0.00020769725
0.001047893
0.0005350773
0.00042846607
0.0003629781
0.00036391206
8.542824e-05
5.354986e-15
