3.4943285e-05
5.6682384e-05
6.3300926e-05
8.463596e-05
0.00010364723
0.00085014023
0.0014535298
3.6086003e-05
0.00037455594
1.704808e-05
6.345602e-05
0.0002970177
0.0006259015
5.0382427e-05
3.48056e-05
5.4404165e-05
3.4039516e-05
4.449106e-05
0.00041797984
5.717096e-05
0.0009431886
0.00068671536
7.510851e-06
0.0010930727
0.00026233387
0.0025145176
3.6593674e-16
6.259945e-06
0.020841863
0.00019252743
0.034765605
0.017669639
0.02079739
0.04362806
0.02628394
0.00096497964
0.16679905
5.666785e-05
0.0024625806
7.9325655e-05
0.0041486975
0.00020297575
0.022510827
0.00019659929
5.4629792e-05
0.055514716
0.008560277
0.0063626687
0.000105443636
3.962786e-05
4.8627837e-05
0.00043424824
0.00016128599
0.0014459133
1.2723502e-05
0.006796073
3.628778e-05
3.7613983e-05
0.0019607274
0.5157665
0.0005674749
0.0017389794
0.0001585612
0.010498143
0.00017706682
7.3903866e-05
0.022173753
0.00044645852
0.00025893247
0.0062409043
7.386779e-05
6.4533226e-05
0.00015666489
4.610417e-05
0.00010791591
0.0077684633
0.00034008303
0.0053649624
4.597553e-05
3.624071e-05
3.9008373e-05
9.6624346e-05
0.00011263508
0.0003004003
0.0011005565
0.00014748322
0.00040522634
0.0016892875
5.5515124e-05
7.45853e-06
0.13139568
5.630807e-05
0.0001380503
0.008124944
8.088759e-06
5.813954e-05
5.2120886e-05
4.7098714e-05
0.00043589724
0.009676985
0.0002556391
0.00040227734
3.1408083e-05
0.04387459
0.00015002195
5.5368204e-05
0.0010532357
0.0056380257
0.009243081
1.9120516e-10
0.0018067987
0.0008968492
0.00015747966
0.008808561
0.00038429096
0.00013471759
0.00033230887
0.00018459473
7.474166e-05
7.431078e-05
0.0027764877
0.009077759
0.0001441907
0.00016586455
0.0005414266
0.008369785
0.005035459
0.000114007315
0.0032661688
0.011413346
0.00019690828
0.000121808625
0.0001380732
0.0042827693
0.0044666408
0.0005953072
0.00067658984
0.0002566756
0.0002525763
0.00025966327
0.0045720674
0.0007809474
0.0018985757
