2.3598124e-05
6.345009e-05
9.975361e-05
0.00013827333
9.0369795e-05
0.00016647093
0.00043148236
2.5714642e-05
0.00021346561
0.007641888
0.00031850653
8.270731e-05
0.00024888344
0.00022473949
5.7451114e-05
2.3967765e-05
6.1931314e-05
2.3185708e-05
3.4778524e-05
0.00028992305
5.622634e-05
0.0007517109
0.0019696213
0.0009344309
1.7938746e-05
0.0007454192
0.0012558288
0.009881311
2.5219286e-05
0.00010841842
0.012648051
0.00045643115
0.12528887
0.03959906
0.092495255
0.12752996
0.04462227
0.00086088915
0.25549388
7.12949e-05
0.003623577
4.8141144e-05
0.0046253535
0.00011845248
0.043064382
0.00064917176
3.627332e-05
4.653134e-05
0.00833285
0.0006490651
0.0071979985
7.687916e-05
2.4214649e-05
4.1837666e-05
0.00040746498
9.441984e-05
0.0020892443
0.000329132
0.04285183
2.71283e-05
0.001820587
0.006913109
0.0023248738
0.004168211
0.00014044021
0.011341389
0.006430256
5.212874e-05
0.037378997
0.00019501963
0.0003290746
0.0062352526
0.000262913
9.2744696e-05
0.00033171757
3.8976243e-05
0.0002326165
0.017401647
0.0012108318
0.01197664
0.0013973395
3.8750502e-05
1.5269386e-05
3.6809113e-05
0.00015563218
0.000113862814
0.00015119338
0.00038233836
6.0638737e-05
0.007171261
0.00028885558
5.07103e-05
1.2469249e-05
3.744624e-05
0.11992106
5.3869575e-05
5.4631826e-05
0.00039932007
0.007533143
4.928094e-06
0.00021579751
5.4487857e-05
0.00013348923
3.9151335e-05
0.00071919465
0.004127275
4.4894325e-05
0.00017443585
0.0003381414
0.014921053
0.00038367216
4.865525e-05
0.014567027
0.002197597
0.0118211275
0.027268281
0.006687771
0.0012935663
0.00012131737
0.006813937
0.0016297665
0.0007453212
0.002792618
0.0032728456
0.009314605
0.00020406107
0.021008572
0.00023971224
0.026576584
0.0057025426
0.0010641732
7.115294e-05
0.00020948243
0.00018425605
0.00043419524
0.0003773157
0.00013179002
0.0001071108
0.0073692882
0.006755937
0.00032183886
0.00022918309
0.00031702846
0.014706128
0.006761032
0.0001566062
0.0064510913
0.0065695685
0.0013810088
0.00015297928
0.00024045227
0.005982638
0.0022505543
0.00031621015
2.0442858e-06
7.408429e-05
0.0027068662
0.0024156268
0.00034327642
0.0006475013
0.00043305338
0.0003490825
0.026395418
0.00036939268
0.009743094
0.024010006
0.00011421209
8.032495e-05
0.010879933
0.00057812314
0.00043775942
0.010506299
0.00042733538
0.00025714934
0.01280561
6.7266237e-06
0.0019732765
9.234536e-05
0.00024381076
0.00027574273
0.004877176
0.0006997759
0.0011900489
0.00034330031
0.000114174305
2.1703669e-05
0.0008670775
0.011923328
3.1033538e-05
2.3065251e-05
0.00013170498
0.0012727893
7.489921e-05
0.0007225155
0.0016670647
0.008885697
0.012087516
0.00023176683
8.234987e-05
0.017246416
0.013336644
0.0069901026
0.00344708
0.0043948353
0.0030850982
0.101735614
6.29357e-05
0.0074954405
0.0013347956
3.561812e-05
0.0020741855
0.006738453
0.00038658403
3.57172e-05
1.4211625e-05
0.014953321
