0.0014712069
0.01543239
0.0069601396
0.33233336
0.032626063
0.013534243
0.004828794
0.0035732398
0.006991175
0.0051761954
0.013349998
0.0075460593
0.006294953
0.004066697
0.009193572
0.46875158
0.0071492344
0.06301581
0.0013246009
0.0029912132
0.062605105
0.060553763
0.0016945007
0.017162636
0.03633673
0.025844485
0.008504867
0.003184938
0.005720963
0.0033102536
0.0040317117
0.024877382
0.029922254
0.0016896316
0.06441982
0.0021675867
0.0011749727
0.012291573
0.0017324571
0.022094922
0.0016768033
0.032317836
0.036385678
0.1267656
0.09520661
0.0048321746
0.0028862525
0.0018910475
0.012586803
0.0013054967
0.0015866176
0.014753692
0.032899413
0.0039697685
0.00076555274
0.015024087
0.0033077316
0.0039949543
0.019833528
0.0016499166
0.0022363467
0.006355336
0.023152376
0.0008604832
0.008714622
0.08117404
0.0024644812
0.0014265629
0.006766795
0.016038107
0.0051644426
0.046883862
0.0033755954
0.015382088
0.010552222
0.13964477
0.057321742
0.021334393
0.0010143337
0.020543182
0.018760031
0.006926177
0.0038713065
0.0050638476
0.0018559456
0.010188251
0.013911775
0.0016870091
0.0019591881
0.0036516853
0.0017283731
0.0073997173
0.028934594
0.00750016
0.00069323566
0.0015919913
0.0013726368
0.0008797429
0.002985983
0.0057012667
0.0014404709
0.0024985883
0.041083157
0.020248475
0.013246298
0.03001863
0.118708305
0.051540323
0.018177183
0.0023196044
0.050705753
0.062247735
0.124349646
0.014484665
0.0065371585
0.019298293
0.0029675427
0.022959255
0.009484154
0.0025813386
0.005466967
0.0033241082
0.0054777414
0.018024234
0.008487153
0.003928962
0.05339546
0.017950064
0.0025093094
0.37534693
0.012723787
0.0011368782
0.0006042272
