1.2832637e-05
5.312136e-05
0.00013299665
0.00014001953
8.2252234e-05
0.0012344415
0.0005556142
1.4808441e-05
0.0007145556
0.0022874812
7.387477e-05
0.00026688902
4.6756057e-05
1.3494835e-05
4.437394e-05
1.305511e-05
3.3226326e-05
0.0012222008
3.686223e-05
0.00222558
0.0015201017
0.0009556062
3.42515e-05
0.00087103696
0.0039161774
0.007821403
1.3750447e-05
0.0001330219
0.04058471
0.00030169246
0.09195481
0.015809232
0.014649372
0.026725775
0.2191693
0.0029123223
0.20745426
6.994323e-05
0.0031149124
0.00021947324
0.007064641
0.00015186684
0.011925064
0.0004709463
2.3962257e-05
2.7642616e-05
0.010525725
0.0013615659
0.009176128
0.0003283904
9.4005045e-05
3.52163e-05
0.00045855765
0.0001362391
0.0030721538
0.00070026354
0.045331266
1.5461017e-05
0.002178193
0.009236813
0.002595718
0.0012964753
0.00012423507
0.010169816
0.0060831993
3.26563e-05
0.033242006
0.00034377637
0.002340894
0.0058255545
0.00051446864
9.1208014e-05
0.00034446266
2.6570138e-05
0.00033611956
0.017464286
0.0034294734
0.028890293
0.0019557895
1.6673604e-05
1.3962466e-05
2.9438916e-05
0.00024646914
0.00039937047
0.0007392393
0.00017465255
8.5420834e-05
0.0012899505
0.0003843128
0.004735254
3.4070566e-05
6.207452e-05
0.22178541
3.4688892e-05
0.0004443223
0.014358568
0.00027240536
0.00042186075
5.5615164e-05
0.0020358844
0.013589191
0.0011799741
0.00021529032
0.00024734583
0.026552394
0.0013536118
3.7110825e-05
0.0077933534
0.0038979652
0.011639558
0.029655874
0.008521256
0.0007587966
0.00014663389
0.0073730247
0.006293307
0.0065967175
0.00032296227
0.010510151
0.0010684634
0.016450405
0.022053732
0.028351292
0.00024947574
0.00019455717
0.00022025222
0.0012182246
0.0007825564
0.00018935307
0.00010653537
0.016049873
0.010590576
0.00086987915
0.0002304388
0.0014920135
0.012305902
0.000645369
0.0003452262
0.0043099625
0.012964814
0.002668464
0.00033296947
0.0003646662
0.008394183
0.0034698478
0.0009842488
0.0010591687
0.0011438674
0.00072344975
0.00062198174
0.0127084255
0.0008195853
0.005435889
0.011002577
0.00018047745
0.00048732868
0.011200522
0.0014470333
0.00032756868
0.008451374
0.0003794976
0.00026044407
0.009263425
5.7493206e-05
0.0033761873
6.864219e-05
0.0002184615
0.0007770901
0.00240889
0.0016586864
0.00959325
8.662048e-05
0.0009710168
4.594551e-05
0.0013074771
0.012524322
3.9917402e-05
0.00015190276
0.00014957118
0.0026904063
7.004602e-05
0.0009271349
0.003110701
0.006203032
0.0047832923
0.0001439949
0.0003339034
0.0037369377
0.014954678
0.006942003
0.0069859666
0.022115996
0.0075901826
0.0031901184
0.057245187
4.1309308e-05
0.008967917
0.0012353719
0.021028874
0.0045380956
0.006988189
0.00032397377
2.3462811e-05
0.00010184473
6.4465094e-06
0.016955948
