0.008605014
0.013420146
0.0046237055
0.020366808
0.0028425597
0.006696754
0.003233769
0.016670879
0.023070067
0.00062511343
0.00017113399
0.023463892
0.00097002176
0.0006066016
0.0013572327
0.0012254379
0.0013940816
8.21671e-05
0.0022905162
0.0023940029
0.03374851
0.00015383835
0.0030931719
0.0004717719
0.028007708
0.0023478076
0.006539014
0.00019932848
0.0015591928
1.7202217e-05
0.0013043121
0.00041493133
0.0011915297
0.00021355253
0.0035356123
0.0011317823
0.03655845
0.005252125
0.006028269
0.00022564687
0.0013557842
0.000354184
