0.028730907
0.0045144875
0.013137582
0.020790923
0.008867658
0.007068014
0.047036503
0.0063945735
0.002242243
0.012584831
0.009088958
0.0030757019
0.0010786544
0.0016705944
0.00020975826
0.007041062
0.0048299786
0.006631695
0.00071240263
0.001223094
0.0041691395
0.021756118
0.32119325
0.00061126193
0.0019014017
0.01770057
0.04176243
0.003054686
0.010208752
0.071972184
0.001092111
0.00408074
0.0012254821
0.010160489
0.00044372655
0.006907304
0.0017589929
0.024887927
0.019083314
0.0009485467
0.00047799986
0.0016333363
0.00061434775
0.0046956725
0.015721925
0.0023753582
0.0002864944
0.0011046049
0.029338568
0.0008559157
0.006973037
0.011525516
0.00086707546
0.0019094652
0.00055886415
