0.011456376
0.002331787
0.00053795177
0.02446382
0.009543129
0.0027344665
0.0142713385
0.009656745
0.010516615
0.21904397
0.0017005596
3.36793e-05
0.0015924567
0.0074900994
0.00079325313
5.1936215e-05
0.0043161837
0.00063908607
0.014850396
0.10225711
0.0007202928
0.0010168473
4.2102423e-05
0.014677068
0.11318959
0.20474648
0.0064224587
0.025132593
0.204676
0.07617791
0.0012708106
0.00031569172
0.011157201
0.0023221504
0.0056155273
0.00085791206
0.036377337
5.8897524e-05
0.0070218425
0.000728647
0.044243723
0.03609415
0.014274733
0.0016375256
0.00028648129
0.0014332661
0.0013297601
0.0016024695
0.005508851
0.00029634053
0.0001324291
0.00033500855
0.015095262
0.0052311486
0.000452979
0.00012210706
0.0030017218
0.031435814
1.1942116e-05
0.9492178
0.00015580101
0.00032473757
0.0034064953
