6.743631e-05
0.00014173439
0.00034584154
0.00014890605
0.00012958016
0.0007141379
0.00013832726
7.082922e-05
0.00148896
0.0037051067
0.00017880772
0.00032699053
0.00074724853
0.00033813898
6.772387e-05
0.00014516478
6.7408284e-05
6.931777e-13
0.0006863967
0.000113608054
0.003801853
0.0020258469
6.9165486e-05
0.0014607641
0.017926669
0.036960654
7.160887e-05
8.6779226e-05
0.061850496
0.00051842903
0.14281392
0.35375616
0.47392774
0.06724156
0.4462981
0.0046969564
0.87814873
0.00017877313
0.0064766547
0.0012673972
0.00045399426
0.007734481
0.00030839155
0.039260305
0.0010538213
9.4813855e-05
0.0107344985
0.0006458785
0.015131959
0.00019770708
0.0002616367
0.00012741986
0.0023638986
0.00047889882
0.0028408868
0.0010800812
0.073363155
7.271226e-05
0.002027388
0.009670928
0.0028604267
0.0018211884
0.00040159802
0.018608717
0.002601803
0.00010576085
0.02355221
0.0007994682
0.000952346
0.034697793
0.0008474131
0.00020001958
0.00040436932
8.870659e-05
0.0023555802
0.048673876
0.0006255044
0.020476673
0.0010234027
8.849334e-05
6.8246656e-05
1.0799075e-08
0.012731234
0.054785863
0.00096337486
7.4729314e-08
0.001073223
0.0010457762
0.002141015
0.00081971055
0.0013539768
0.00010724202
0.00036683463
0.25652987
0.00010993201
0.00013310398
0.0006809524
2.3885143e-06
0.00026636128
0.0005629424
0.00013285
0.0038168973
8.22247e-05
0.0033178898
0.0010467052
0.0011560301
0.00086307275
0.00042537862
0.05417485
0.0009858372
0.00011321538
0.006378709
0.007970025
0.013595674
1.7012382e-05
6.507541e-10
0.0008279545
0.00031358778
3.8647575e-21
0.0003984569
0.00030195547
0.00049185735
0.00044924626
0.0003567294
0.00022037994
0.00711154
0.018736117
0.00017738383
0.0003934259
2.776001e-07
0.017424695
0.00017758251
0.0004885622
0.006639669
0.014686464
0.00286079
0.00031984146
0.00040807578
0.019312702
3.7810132e-08
0.0009437064
0.0018015066
0.0010802267
0.003998559
0.00021676219
0.0010653076
0.001084405
0.0006533172
0.00042146258
0.082839645
0.00047662764
0.0001451958
