0.0105449455
0.0060341177
0.0024267004
0.12808146
0.0036704857
0.0046104323
0.006391415
0.016804412
0.014966132
0.021208912
0.0011803965
0.026330018
0.008795127
0.0020456081
0.0057415105
0.00071076176
0.00088011933
0.0029197782
0.005156193
0.0096780835
0.00184627
0.0027464933
0.0010015784
0.0027111215
0.00011346449
0.0025906712
0.0024915459
0.019021826
0.010808891
0.004290935
0.0048948424
0.002608715
0.00018873517
0.0061624497
0.024517084
0.0021323995
0.0027318113
0.0020466158
0.0004565328
0.0008612645
0.0032220895
0.011809164
0.0012392794
0.0011935214
3.3300083e-05
0.9888353
