0.004533613
0.0014788362
0.0006040219
0.0028968526
0.00016360739
0.0033204171
0.0035395557
8.834966e-05
0.00022505879
0.0044822744
0.00074880035
0.01432892
0.040095955
0.0008132953
0.023893446
0.0003806322
0.000554722
0.001986059
0.0106029445
0.00077912735
0.0012011199
0.0011448401
0.00013311935
0.012617948
0.0020219178
0.024043988
0.017673938
0.00096456695
0.0016547802
0.009765355
0.0003374244
0.0016306257
0.00569475
4.252509e-06
0.006761035
0.0023541164
0.00034328984
4.5737613e-07
0.0020373364
0.004966872
0.0037597818
0.061485592
0.0007451994
0.01752353
0.011776211
0.13486876
0.033150844
0.0009323992
7.066028e-05
0.0044667767
0.00030423253
0.0003752024
0.003267746
0.0013442533
0.016157186
0.0028082374
0.020455293
0.00015704164
0.03912148
0.00041013947
0.008019138
0.00024006194
0.0010656822
2.881595e-07
0.00071997335
0.00043372408
0.00017759149
0.00013058001
5.212559e-06
0.0012275805
0.00014096667
0.001457247
0.00028655122
0.0045805583
4.173967e-05
0.0002880822
0.0002894441
0.00077594875
0.00026263314
0.023590209
0.0013002116
0.42382875
0.0046402467
0.0014463555
3.1642157e-05
