0.0031595507
0.0008230115
0.021933254
0.0011504161
0.008347888
0.0037162125
0.00039293326
0.0067937467
0.014043687
0.00014925675
0.008735204
0.0029250556
0.019868623
0.0012590237
0.00097438076
0.012800795
0.008135644
0.005882307
0.0017173003
0.019520922
0.0048585497
0.005168491
0.006913113
0.00039293326
0.0002250708
0.031409778
0.00023137737
0.00015033415
0.0017542229
0.00015017082
0.0021940356
0.00041052164
0.001998783
0.0037613127
0.010859061
0.00048087628
0.024118695
0.002984436
0.0013301115
0.00022669771
0.0010763064
0.00046565433
0.0022617553
0.04230663
0.0004208818
0.00023301807
0.00014925675
0.0017711745
0.00022348625
0.008830812
0.09547829
0.00033576152
0.00025147124
0.032732293
0.0059211086
0.006550991
0.0073619704
0.00038710656
0.00094674143
0.002677595
0.004259462
0.007764153
0.008514728
0.008039779
0.0014426728
0.0034164023
0.0020847525
0.0034436288
0.0069905194
0.00039594076
0.00023137737
0.011996687
0.0005488764
0.0053755012
0.0021372624
0.0006970303
0.0002757477
0.0087030465
0.002225889
0.0047129197
0.00080067205
0.0006801102
0.0015011922
8.419733e-05
0.00046908605
0.12494255
0.00034163654
7.0630645e-05
0.0061903554
0.002843138
0.00060800323
0.085365124
0.061250944
0.0010035324
0.013900935
0.0035570997
0.0020901072
0.0044780625
0.00053708896
0.00011104595
0.0027369966
0.0075805876
0.00659708
0.004959609
0.00039293326
0.041679487
0.0029424026
0.00018029306
0.06200725
0.0021051303
0.009526584
0.00021399728
0.07517742
