0.0005382397
0.0015598951
0.003634396
0.0005222012
0.0009740104
0.004830075
0.00051287276
0.0012024954
0.0028053012
0.0011753355
0.0022729274
0.00044953538
0.000404902
0.03718877
0.0029032752
0.03982608
0.005087079
0.044369504
0.00013590514
0.0027369184
0.015439941
0.009079715
0.01753163
0.0017173412
0.052423626
0.008827382
0.011827686
0.0004966581
0.006342184
7.7568206e-05
0.012710507
0.00057235564
0.0066217505
0.006594937
0.017704709
0.0164271
0.11946544
0.0936281
0.0007146111
0.12703966
0.029765492
7.724401e-05
0.004580719
0.0015697859
0.0037080757
0.046577204
0.001755892
0.007789951
0.0032140655
0.0004992549
0.030295625
0.00065763516
0.002036301
0.0005387097
0.00072244793
0.0013440786
0.0057800305
0.01027422
0.00054837
0.00057184626
0.00043875916
0.0064632543
0.00026625925
0.0057568415
0.013807282
0.00014325016
5.5299956e-06
0.007823936
0.0010795135
0.0120998835
0.06498382
0.0004971537
0.0029405104
0.00048708625
0.0036050293
0.003945845
0.0071308613
0.017923051
0.00054734154
0.007123088
0.01324509
0.026214711
0.0046015694
0.0012463536
0.0010041187
0.00065996894
0.00711609
0.00072592415
0.022540249
0.00014517794
0.00044065877
0.0007372582
0.0045407503
0.009751062
0.005295617
0.0016780458
0.00042714784
0.00021781547
0.002735438
0.0005651437
0.008301423
0.000845919
0.0011904621
0.009503974
0.026638841
0.003432635
0.00085386576
0.039212707
0.025207683
0.019829018
0.0029540465
0.034336083
0.00037776396
0.028200464
0.0014928457
0.0010485357
0.0007827676
0.023558637
0.014645552
0.014081695
0.018178422
0.011537858
0.0015043705
0.009698253
0.007834077
0.0023524135
0.035252158
0.27832547
0.0007947892
0.019768605
0.0012344228
0.0010799112
