0.027202893
0.0013928952
0.00084089936
0.0070185647
0.0040360587
0.02792978
0.058681794
0.047470495
0.0019881318
0.0105927745
0.010709084
0.011834452
0.0027687543
0.01392385
0.002073799
0.002757992
0.00056560175
0.008657354
0.026686408
0.00044162534
0.004266381
0.0018638914
0.045270693
0.00015844907
0.010728061
0.00075186207
0.029227635
0.0115444735
0.0046989317
0.00015085912
0.0023611947
0.00072432106
0.00480314
0.0143284965
0.0018356083
0.0011306325
0.006694186
0.0070025516
0.0032469232
0.011238213
0.007456337
0.0022050785
0.00031462568
0.0012622447
0.055352453
