2.7261343e-05
5.2620606e-05
0.00015015177
0.00011600537
8.34767e-05
0.0065197777
0.00013374636
3.109892e-05
0.00027306116
0.0022903231
9.90026e-05
0.0002255636
0.00011749201
2.8607938e-05
4.9303027e-05
2.8488557e-05
8.324696e-05
0.00030535186
6.922949e-05
0.000542185
0.0013942104
9.395218e-05
1.659236e-05
0.0020050167
0.00086557143
0.0061438926
2.966533e-05
0.0009210158
0.034992985
0.0001883009
0.06310654
0.015529914
0.010693037
0.054850914
0.048212457
0.004236682
0.08775498
7.181204e-05
0.0019977991
0.00030585242
0.00012650063
0.0021795013
8.9588815e-05
0.007929823
0.0002736202
3.3382177e-05
4.0136692e-05
0.005424059
0.0006297244
0.01818821
9.2161594e-05
5.462151e-05
1.1781733e-05
0.00037088568
0.0001742894
0.0008409002
0.00025450822
0.00750664
3.128513e-05
0.0017046835
0.0035448591
0.0011076032
0.0010065722
0.00018097357
0.0069347094
0.002254378
5.130548e-05
0.014821397
0.00013324087
0.0004516775
0.0047358163
0.00018587947
9.241355e-05
0.0002412542
4.1660063e-05
5.9322595e-11
0.005099378
5.9509406e-05
0.040718064
0.0016042526
4.1041945e-05
2.8473482e-05
3.432756e-05
0.00012135752
0.00013851521
0.00013986288
0.0013371883
9.0777976e-05
0.00044665986
0.00019350668
0.0006788698
5.743446e-05
6.803605e-05
0.040050164
5.7811307e-05
6.0664996e-05
0.00027082884
0.0057488726
0.00021375097
0.00031607362
6.0749808e-05
0.00015129866
3.92947e-05
0.001936422
0.00030564834
0.00066648785
0.00024423466
2.2180966e-06
0.012480141
0.00078941754
6.101752e-05
0.0017765624
0.016535053
0.011969347
0.0140026575
0.0018423472
0.0003912348
7.2281284e-05
0.004482582
0.0003621004
0.001903128
0.017142577
0.0001792907
0.07660857
0.0005992288
0.0031902683
0.012235955
0.0078461645
0.0012903787
0.00019049761
0.0001592283
0.0007739612
8.307566e-06
0.000110319175
9.756689e-05
0.009132642
0.0071876673
7.805355e-05
0.00024010269
0.0039087846
0.008707729
1.1860168e-06
0.00017060514
0.008024863
0.01375916
0.0006992918
0.0002478158
0.00026096878
0.0057479986
0.004149683
0.0006225791
0.0005284345
0.0011370379
0.0013205827
9.9260855e-05
3.26266e-05
8.8841725e-06
0.0005682912
0.0003788791
0.017583389
0.00021777043
0.003805584
0.009335357
5.3864336e-05
0.0002372165
0.009680154
0.00024764406
0.00041870805
0.076306805
0.00026836534
0.00019151949
0.0007382776
7.377107e-05
0.0006880347
0.000100391735
0.00025005965
9.517876e-06
0.051859263
0.00072660035
0.0012764527
4.5929566e-05
0.00023594654
5.1459483e-05
0.0006344818
0.011278159
0.00023372743
8.57275e-05
0.00012397674
0.0011567941
1.968019e-05
9.214956e-05
0.0011898284
0.004093612
0.003359925
7.5041964e-05
0.00068102207
0.00041106614
0.014062793
0.0016435635
0.010436149
0.0148485685
0.0061348695
9.617548e-05
0.082398765
0.08263634
7.712771e-05
0.0011116782
0.0011172582
0.016236965
0.030469356
0.004457808
0.00025585148
4.1420317e-05
3.7182996e-08
1.907696e-05
0.006446331
