0.016376743
0.019376053
0.0014405869
0.011847325
0.00819328
0.0015335155
0.012112361
0.012176771
0.027831487
0.16325834
0.41245922
0.0003964741
0.0029382426
0.0011956089
0.0015106379
0.007060127
0.00078107766
0.0029289338
0.00045298872
0.017071102
0.0024072153
0.011576889
0.0015440455
0.0014917473
0.0008190762
0.021693746
0.042956676
0.017459178
0.021816105
0.011738974
0.14489424
0.02625964
0.011512696
0.00076478167
0.080960765
0.0055858255
0.013555976
0.05055352
0.053505838
0.0006659187
0.0050112396
0.0014407316
0.063237295
0.023088032
0.0118346205
0.001358339
0.0014739808
0.0010904184
0.0006716871
0.0016673965
0.0018856487
0.0009867722
0.00027885285
0.0021872562
0.020367613
1.3850442e-05
0.009675935
0.012775884
0.034306496
0.0015514548
0.036365233
0.0011273292
0.03395051
0.003428999
0.00023062169
