0.061719943
0.008850546
0.0056056567
0.005793217
0.016834714
0.02106429
0.04155053
0.010931402
0.002462316
0.05991966
0.02051826
0.0064212624
0.00044217485
0.0046613663
0.0010702554
0.013281384
0.00033637605
0.00021216233
0.00029093315
0.00088651077
0.0074825883
0.0027165106
0.0009256494
0.0004218382
0.031454984
0.03152606
0.0014415695
0.004048212
0.043021288
0.2895518
0.035231005
0.0050652158
0.014752077
0.018927254
0.018257624
0.0146365
0.05008513
0.0012870707
0.0056399615
0.0011613972
0.011691676
3.9601637e-05
0.0036901382
0.0023214812
0.021497402
0.012714996
0.011375139
0.0035676751
4.481498e-05
0.00036233815
0.00018315967
0.0033605208
0.0008651814
0.0014393472
0.0010984234
0.00062452926
0.0015132633
0.018544715
0.0028297417
0.00016958771
0.0007481064
0.083934
0.025395649
0.023051737
0.000764704
0.014692358
0.0021963478
0.03055147
0.00554503
0.0025899261
0.00016698282
