0.012295389
0.009435773
0.0009433073
0.00502492
0.0180781
0.0027564738
0.0010738682
0.18436685
0.0028268031
0.0007331846
0.00042405043
0.0010772768
0.016436547
0.0004298284
0.00010758669
0.0017250205
0.00056257687
0.008006069
0.038475215
0.053703774
0.0007855888
0.0008126133
0.003272424
0.018721167
0.0017627698
2.6393295e-06
0.0024382228
0.00881268
0.04009327
0.0028362195
0.034626376
0.0035082444
0.0009582905
0.00029979952
0.0011971486
0.0029935504
0.042905536
0.00020397703
0.015521578
0.0022029895
0.0045347754
0.015828298
0.0047607073
0.0011061551
0.0005897898
0.00035493964
0.00029873295
0.0042132824
0.0020004532
0.0021781723
0.00038858847
0.0005931431
0.0048510646
0.0010054988
0.0037117274
0.00047907548
0.004590945
0.004366493
0.00050227426
0.3778415
0.006524048
0.18997328
0.0005809605
0.0028556378
