0.05375842
0.008783885
0.0039899754
0.0071549257
0.007093264
0.009549725
0.015794514
0.0031559663
0.09892465
0.0038408793
0.015035299
0.028989306
0.12662487
0.0021653466
0.013604797
0.0013356984
0.003585387
0.00077491935
0.0115206335
0.02355488
0.003193594
0.01037777
0.0017911464
0.0035065315
0.0011798076
0.005283123
0.0027036436
0.047457602
0.021484066
0.007236969
0.0028164415
0.00039856212
0.0008054898
0.0020898748
0.020077271
0.0017051898
0.017830633
0.0061442764
0.0077345064
0.008522828
0.011234396
0.006551392
0.001958651
0.0033494064
0.0013606662
0.9727553
