0.035585813
0.0011002225
0.00068491313
0.009107537
0.031181347
0.022560334
0.0008317739
0.20251144
0.0060302666
0.00046207252
0.0015415284
0.011965912
0.0043241647
0.0014021158
0.007399928
0.00015876362
0.018612819
0.15193331
0.0010764217
0.00033630646
0.00099903
0.01585521
0.07574347
0.001603054
9.825903e-05
0.0054930816
0.012091644
0.04252648
0.008268591
0.07988878
0.0039229225
0.01215815
0.004092116
0.0007746008
0.0029981479
0.005371847
0.00024290841
0.006214669
0.0025167693
0.027072912
0.015274305
0.0007404428
0.00046625058
0.0011495803
0.00024971776
0.0014037316
0.026346093
0.0021455563
6.378484e-05
0.0009949688
0.03125366
0.0007122525
0.0033966608
0.007310688
0.0015042939
7.8162964e-05
0.00023780711
