0.0045126746
0.0049233986
0.01445891
0.011455478
0.011149402
0.0078829015
0.030653303
0.09809066
0.005337096
0.00087463105
0.002959906
0.005246558
0.0035769532
0.0006992495
0.0025311066
0.00059211114
0.012121632
0.021576341
0.0019091652
0.0013434036
0.0002903637
0.0073556
0.018426
0.0016623684
0.004445904
0.0030254654
0.01016772
0.009745864
0.0062294966
0.03660692
0.0037629355
0.0018364752
0.0041440255
0.011519703
0.00075234665
0.00590554
0.0024719373
0.026504874
0.020730222
0.006526091
0.0019263604
0.00023782432
0.0026796116
0.00025370342
0.0040681646
0.018814133
0.0002343431
0.0009479816
0.00035816233
0.012867376
0.00034519198
0.00885393
0.012089019
0.0066332216
0.0021934614
0.91323614
0.00026349697
0.0005542812
