3.625938e-05
5.973592e-05
0.00012355328
4.63236e-05
0.00010120499
8.2291626e-05
0.0003926848
0.00030451574
3.8512626e-05
0.00018589951
0.0028774424
0.000610542
7.761926e-05
0.00018269014
1.2509078e-05
3.6474154e-05
5.3072446e-05
3.5662375e-05
7.093784e-05
0.0005248369
6.241089e-05
0.0004911691
0.0033596535
0.0013716121
1.752148e-05
0.00065723853
0.0009059591
0.0091801295
3.785887e-05
0.00072218163
0.021722386
0.00017395816
0.11299134
0.032239705
0.014889687
0.07975405
0.03949389
0.0017422828
0.283826
5.291008e-05
0.0038129832
9.239267e-05
0.02278457
8.047423e-05
0.027349526
0.00034005046
4.742977e-05
6.442292e-05
0.0040742066
0.00045480163
0.012637206
9.658917e-05
6.765053e-05
4.8888916e-05
0.0004264206
0.00020367307
0.00050286803
0.0001681532
0.008309175
4.003665e-05
0.005543531
0.00781567
0.0009161492
0.026944535
0.00010888518
0.009008102
0.0036514078
6.023255e-05
0.07201005
0.00014474557
0.0007125204
0.0077879312
0.00018009839
7.697635e-05
0.00018802084
5.2361112e-05
0.0001569918
0.082583055
6.673173e-05
0.036114614
0.00061627483
5.223204e-05
4.7520152e-06
4.1963493e-05
9.524692e-05
0.0003667914
0.00058050104
0.001902973
0.00019108901
0.00039476185
0.0004740861
6.714281e-05
6.008305e-05
0.00012139306
0.09244936
6.370637e-05
0.0001801604
0.002899363
4.2731743e-05
0.00014346915
6.343526e-05
4.7625135e-06
0.0025665113
0.000115298804
0.0027461643
0.002018188
0.0023194388
7.0284216e-07
0.059434462
0.00038943143
3.439411e-05
0.014699495
0.0015493348
0.0236599
0.049130972
0.0037131275
0.00036410103
9.44275e-05
0.0033494907
0.0029833934
0.018629607
0.00011520736
0.045139704
0.00041856358
0.028638998
0.025633806
0.013748286
0.002401844
0.00014483144
0.00013981994
0.00036522406
1.0247416e-06
9.5232295e-05
9.640843e-05
0.0057317927
0.008202913
0.00028228908
0.00014061882
0.00020840006
5.284166e-05
0.011179153
0.0071025793
0.0001002251
0.00031571975
0.0010717027
0.00046910642
0.00014971472
0.0001697275
0.003362495
0.0022341858
0.0005183531
0.0004184509
0.00048700222
0.0010784032
0.0012436464
0.0005742312
1.0350376e-06
0.0003342085
0.00036503488
0.035949033
0.00044576515
0.002370035
0.014025779
7.30756e-05
0.0001911599
0.011252435
0.00043203612
0.00016079431
0.008692699
0.00023868731
0.00021031818
0.016499322
8.765425e-06
5.5912806e-05
0.0007082195
8.4969215e-05
0.00014805373
9.789593e-07
2.0738167e-05
0.00052124314
0.0011212566
0.00017277044
0.00048134106
6.381819e-05
0.00014817888
0.020669501
0.00015513331
8.89307e-05
8.481476e-05
0.0015267499
8.1413054e-05
0.00014883862
0.0006837652
0.005534611
0.009156536
0.00011961579
0.0003314644
7.049607e-05
0.025917115
0.0037652436
0.018489806
0.017550528
0.02488008
0.0037696108
0.006066742
0.12881614
6.6328554e-05
0.0056950315
0.0006849794
0.023352554
0.018833287
0.0044383733
0.00036992822
4.9050308e-05
1.2613152e-07
2.3253711e-05
0.029469525
