0.011364575
0.0020429543
0.119992144
0.008428242
0.028291618
0.005852637
0.0010840911
0.0064262175
0.12150134
0.0026190607
0.011594148
0.0075088614
0.08329433
0.02554346
0.0016920706
0.005346668
0.011777942
0.018199425
0.006591377
0.055075187
0.031088177
0.025133079
0.03272632
0.0010622746
0.024253743
0.0007764258
0.02778105
0.02248197
0.01722886
0.054349698
0.0030597697
0.0026449515
0.0029216642
0.01280452
0.005529291
0.0012615481
0.03554814
0.007619079
0.0042830217
0.00023566461
0.0186337
0.0028965687
0.008371661
0.0162742
0.0010925855
0.00080311194
0.0011313019
0.02973925
0.00044930322
0.008868558
0.19331224
0.0016157458
0.0007892569
0.015980156
0.015743671
0.020027237
0.052645203
0.0010063722
0.0026742797
0.0045091333
0.00855596
0.0037223648
0.0063459505
0.039480623
0.0010506425
0.009039147
0.009071118
0.0059753996
0.00219707
0.001966069
0.0014082661
0.007897352
0.0006354368
0.0144079225
0.0017772118
0.0058939066
0.001103929
0.009737954
0.016151462
0.009718512
0.0035205332
0.0007712285
0.0029131323
0.00022849253
0.002531203
0.008228657
0.0008746918
0.0015760477
0.009413808
0.0035239558
0.0030491464
0.030669706
0.013585658
0.003390047
0.0143901715
0.00068712124
0.030435363
0.005066285
0.0013209223
0.0022357255
0.021953575
0.016262585
0.03032974
0.61283857
0.0036941061
0.006775601
0.008371875
0.0010893315
0.38800907
0.0026540994
0.0032420042
0.0004078792
0.12804395
