1.50209235e-05
3.5028097e-05
1.9052797e-05
5.4377084e-05
4.3209333e-05
2.8210121e-05
0.00030778826
1.5428439e-05
0.00015186872
0.00017482799
3.5529134e-05
0.00011118072
6.186243e-05
1.4952735e-05
3.2829474e-05
1.4525903e-05
4.035117e-06
8.2765546e-05
2.449169e-05
0.00047052873
2.0845242e-08
0.00050617807
1.374872e-06
0.0006916077
6.908176e-05
0.008666796
1.5407295e-05
9.9154146e-05
0.022871183
0.00011827844
0.028076531
0.022174766
0.025504896
0.028330766
0.0032480839
0.0002804189
0.00030818232
3.5728342e-05
0.00018790703
0.0002630158
6.8712405e-05
0.0025855824
5.372977e-05
0.012657606
9.389226e-05
2.346205e-05
2.3798832e-05
0.003823094
5.4659282e-05
0.0038288536
9.990668e-05
3.3496406e-06
2.607299e-05
0.00014873235
1.0847892e-05
0.0007496014
0.00015680103
0.0011497303
1.588991e-05
1.6222646e-05
0.0028757423
0.014865451
0.0010492055
0.000745052
6.2688974e-05
0.006263355
0.0023190568
2.5089941e-05
0.0073916563
8.423659e-05
0.00046953204
0.00073144794
0.0001276318
3.8818223e-05
8.488621e-05
1.827818e-05
0.00071940786
2.3838198e-05
0.053982668
0.00034133688
0.006855433
0.00019530675
1.8100278e-05
1.5696403e-05
2.178963e-05
7.133557e-05
0.00025624817
0.00028004055
2.6485139e-05
6.0421586e-05
0.0003356623
5.277045e-05
2.3258346e-05
4.0750496e-05
0.0123078395
2.2137678e-05
2.77678e-05
0.000112624766
0.00848711
0.0057650716
8.992717e-05
2.7649181e-05
6.9724076e-05
1.86798e-05
3.4514927e-05
0.0010561001
0.00023215321
7.5729506e-05
1.0903026e-05
0.025251672
6.371754e-05
2.4008623e-05
0.020630347
0.02675013
0.007873429
0.023846127
0.0074089034
0.00030861804
6.127069e-05
0.00045781035
0.0027476312
0.0041308072
0.009829573
8.9909336e-05
0.007863582
0.00032868233
0.0024066737
0.011755387
0.024266254
0.0004142835
8.295367e-05
7.080173e-05
3.5659858e-05
4.771724e-06
5.9170165e-05
4.4069508e-05
0.008644824
0.0069053685
3.484376e-05
6.426399e-05
0.0007179333
0.007562873
0.0008304533
9.3878734e-05
0.0023348918
0.009258626
0.0005301695
9.328821e-06
0.0003359453
0.0041627674
0.002719384
0.00024759638
0.00031028877
8.626801e-05
0.0013453817
4.3689266e-05
0.00030055418
2.9372624e-05
0.00014491708
0.00016633066
0.01345132
2.1897953e-05
0.11630488
0.008574486
6.9916855e-06
0.00010813635
0.0017808598
0.0007765974
0.00013413667
0.008149103
0.0013011668
1.5030481e-05
0.0030160318
3.1157404e-05
0.0010153827
3.182449e-05
0.002210285
1.7724194e-08
0.00024524296
3.2781547e-05
0.0012600974
0.000120296165
0.00036855397
4.0811756e-05
0.0003024678
0.0014022558
0.00012347897
5.520855e-05
5.6313813e-05
0.0026523103
3.991679e-05
0.00019510741
2.0799429e-05
0.0032831999
0.00053248025
7.106439e-05
3.658256e-05
0.00025490383
0.019940287
0.0017497801
0.0029252183
0.010983311
0.0031043093
0.00018040328
0.0010338392
0.03520654
2.5231939e-05
0.0006500509
0.0007073224
0.04256365
0.0075640636
0.00093178864
0.00019747704
1.7027865e-05
3.1669886e-10
9.869396e-06
0.01929092
