0.012098203
0.0003187909
0.005661911
0.008718238
0.0045717936
0.0018435314
0.019411972
0.0020571179
0.0026080974
0.00033748357
0.01565549
0.0013047726
0.0012690797
0.00047384392
7.068576e-05
0.011379843
0.0005252878
0.014794295
0.0010500887
0.0013148674
0.0020803162
0.08002896
0.09613582
0.0016805448
0.0006415622
0.0020397806
0.18256992
0.0062083993
0.003416842
0.001151019
0.0019592834
0.027355377
0.006996914
0.0004149869
0.0022751032
0.0008297434
0.004283005
0.022903366
0.001157493
0.003063219
0.0011826318
0.06675651
0.0019611155
0.0017793669
0.0049103145
0.00065223966
0.0013938426
0.0011110817
