0.011605486
0.008109762
0.007326804
0.0040028114
0.0022646065
0.0012798565
0.006432051
0.087711014
0.081785254
0.001215993
0.00081226137
0.0133765405
0.0009960372
0.00081937364
0.005959306
0.0010710465
0.0015598849
3.4568784e-05
0.035361283
0.0014977669
0.003956666
0.0022636717
0.053844213
0.00045865471
0.004574887
0.0019887772
0.042288836
0.010193849
0.002733807
0.0019033643
0.0010259252
0.00032379685
0.0034800954
0.014669278
0.0015287212
0.0021171675
0.0010809267
0.005258402
0.0026354024
0.012021637
0.0048386916
0.007697858
0.0064935433
0.00086766924
0.3330583
