0.020469185
0.004740531
0.0042463145
0.011735847
0.050969344
0.03585511
0.016112639
0.035228103
0.21557103
0.002003748
0.0033842192
0.01726854
0.025859652
0.0014606423
0.010506171
0.0022173044
0.0035123443
0.0029013169
0.01120936
0.13118552
0.0062420433
0.0036103532
0.005266932
0.0012123303
0.0019728595
0.0027931293
0.0021316044
0.027405415
0.0056145447
0.003943
0.0006640304
0.0013190818
0.00069077907
0.006762614
0.0031305798
0.0019627777
0.001094451
0.013714642
0.0047349753
0.0045472295
0.009707638
0.009160529
0.00050361943
0.0019054355
0.0015485177
0.35157877
