0.008257262
0.0066177375
0.011241105
0.007868706
0.002381538
0.040096056
0.05475735
0.03135117
0.052552875
0.0062225987
0.011682874
0.0063548516
0.0025010756
0.0059190006
0.00085989025
0.001747226
0.0005905398
0.007411123
0.040106952
0.097255535
0.0064288215
0.0009928071
0.011846119
0.000264533
0.0015786656
0.00090703013
0.018765192
0.03130985
0.02041446
0.00090225873
0.002229273
0.00074157765
0.0032084663
0.0028907217
0.0008048311
0.008913295
0.0016619776
0.00871809
0.0012680376
0.0066060484
0.0062978803
0.0007397453
0.003644186
0.00049247517
0.9945991
