0.04122588
0.003953386
0.0028743683
0.10766861
0.016194064
0.012753842
0.35478783
0.08828204
0.042525716
0.014996269
0.0017575133
0.008459062
0.013704461
0.00070761464
0.014172845
0.001203165
0.001307807
0.0002290804
0.00531961
0.049302626
9.7662865e-05
0.005033448
0.0015486667
0.049980935
1.046132e-05
0.009026804
0.001483558
0.031864427
0.02212652
0.0046776203
0.002112195
0.001426882
0.00047561826
0.0039718873
0.035755508
0.0014570804
0.0005762557
0.005403191
0.0062320684
0.012176398
0.0076078386
0.007900965
0.0021590362
0.00059844065
0.00013590643
0.6647714
