0.024287103
0.024226485
0.0012236858
0.0035180068
0.026392564
0.0027194873
0.0025394543
0.14037164
0.008893814
0.0029821713
0.000694238
0.007508865
0.0036314826
0.0012893429
0.00046963771
0.001187419
7.51701e-05
0.018316293
0.0029221545
0.0010331844
0.0013477665
0.0010852959
0.0015645466
0.006354643
0.027564615
0.0012165705
0.002716574
0.006670966
0.0036505768
0.014187531
0.0020282124
0.007372289
0.0009994669
0.0024119262
0.00050216
0.0033890489
0.0016949186
0.011984237
0.00044115513
0.008930903
0.0016640122
0.007664902
0.048853487
0.009823333
0.00024116723
0.0018740606
0.0006092585
0.0006899915
0.0037400972
0.014905096
0.0013472692
0.0005244834
0.001628797
0.015398437
0.00042352045
0.0060811094
0.0023329842
0.013725644
0.0031908385
0.022579364
0.016891379
0.47811216
0.00037897483
0.0004858926
0.0014191874
