0.0025668824
0.0015737001
0.015919168
0.001860304
0.01004329
0.019422125
0.0011242422
0.0063702282
0.028301686
0.0009068534
0.0077867634
0.017569046
0.022224324
0.0040283855
0.0016559574
0.0016161421
0.012211698
0.0039566285
0.003198671
0.06640048
0.008013945
0.0066226223
0.073850274
0.0011742814
0.0058322777
0.0006022531
0.004562619
0.0039710137
0.007222554
0.04191047
0.07009272
0.002159293
0.0018448716
0.0053572017
0.0018800334
0.0011344483
0.05744246
0.00379352
0.0023068828
0.0005876998
0.0023288203
0.0009558958
0.0039643236
0.0075063882
0.0008709457
0.00076676067
0.0003498384
0.0014437283
0.00047444052
0.008667091
0.019715386
0.0008290795
0.0003827315
0.008285676
0.0064028325
0.009102109
0.087260775
0.0007293959
0.002454635
0.003982249
0.0060286364
0.010987446
0.008517257
0.017945576
0.001973622
0.0041583544
0.005345418
0.003456208
0.0018659508
0.0034439906
0.00085148157
0.028243493
0.001563097
0.026647372
0.0022563967
0.001656973
0.00058493693
0.013461954
0.0044165268
0.006310778
0.0013677335
0.001237018
0.0022935322
0.00066106487
0.0011495851
0.016701063
0.00082680106
0.0023853795
0.004928931
0.0030028694
0.0004718688
0.014006477
0.008396375
0.0018444766
0.0169902
0.0004547561
0.0043664644
0.005962809
0.00084967376
0.0012231463
0.0049916585
0.028511774
0.015369953
0.005960501
0.002219378
0.009103476
0.0035484233
0.0005529272
0.49190456
0.0033024694
0.013846598
0.00076110894
0.027529728
