0.003128478
0.0010050333
0.032409415
0.0014241453
0.00889378
0.0060852696
0.0005138105
0.004943715
0.017981108
0.00077488506
0.006823276
0.0025849396
0.016393373
0.007643523
0.0013429341
0.0008686901
0.009985366
0.0018982477
0.007296683
0.066492535
0.0064277523
0.0054549375
0.007805065
0.0005358651
0.0050713634
0.00017030249
0.005782913
0.003418335
0.0065767327
0.028070627
0.0048808414
0.00078774214
0.0021433297
0.005252559
0.0011844154
0.0004247641
0.019028297
0.006159174
0.0013800379
0.000106280284
0.0030062576
0.00033854923
0.0028054214
0.0058207023
0.00032961305
0.0002827462
0.000110398534
0.0032615429
0.0001295945
0.021750266
0.014807422
0.00018948078
0.00010500236
0.007580418
0.0077591343
0.0058048097
0.012213113
0.00022519806
0.0017725215
0.0032742815
0.0065543
0.017857185
0.0093814265
0.0098712025
0.0014131233
0.003526485
0.006540653
0.0015110896
0.000684779
0.0066474667
0.00031467192
0.051510524
5.9175086e-06
0.007322605
0.0014789347
0.0006563065
0.00019148151
0.0060789054
0.005264162
0.0044550425
0.0010414053
0.0004941358
0.0015795105
5.326212e-05
0.00027908426
0.0055760476
0.00021233068
0.0028937687
0.0043646563
0.0035553358
0.004494516
0.010423428
0.25704947
0.1087795
6.956308e-05
0.00014223914
0.0025736794
0.00048569674
0.00040260362
0.001449339
0.0051823054
0.008874257
0.0077290516
0.011440143
0.0015645064
0.0038068825
0.0029365344
0.0001841512
0.2929102
0.0020696553
0.026636368
7.040564e-05
0.167769
