0.029014278
0.0022986147
0.0040506986
0.027823038
0.002965791
0.050111055
0.010510553
0.05161502
0.027948506
0.0021723744
0.0066524814
0.014667651
0.012288401
0.00036192787
0.0071159224
0.0029436606
0.003989416
0.0069511672
0.0076756165
0.014078381
0.0028488082
0.0021034651
0.0052589364
0.031581268
2.8232623e-06
0.009981992
0.0010420057
0.023741215
0.012056431
0.0003119394
0.00031012288
0.0006165046
0.0011366952
0.0071814363
0.023509191
0.0031449834
0.0006483939
0.004905578
0.01645353
0.003693546
0.008227518
0.007270163
0.0025660929
0.000546861
0.0026619465
0.43264642
