0.0037043267
0.002059345
0.07919832
0.006688012
0.011480745
0.0028427434
0.0011214793
0.08072503
0.000108886205
0.00093020225
0.008377383
0.0024824503
0.36111143
8.428369e-05
0.0011651658
0.053378988
0.0026138492
0.002612861
0.0121354405
0.077754
0.00913228
0.011471831
0.017943837
0.00069352175
0.005371386
0.00025002865
0.007490617
0.008981413
0.011257727
0.22131966
0.0063012224
0.0013659929
0.0023648185
0.0044292216
0.00081191625
0.0006721655
0.02439301
0.0001564541
0.0017001721
0.00029917224
0.0017084406
0.0004129465
0.0019415691
0.0038485643
0.000604133
0.00041350507
0.00076058327
0.0022387742
0.00020748605
0.012109611
0.030823845
0.00045011405
0.00011189107
0.007282559
0.006073345
0.019591402
0.038965177
0.00020730513
0.0056684325
0.05183455
0.0069077616
0.050335374
0.08441187
0.02666311
0.001205813
0.0074412334
0.010400945
0.0007204391
0.002569439
0.004546934
0.00047672854
0.014411829
0.00040669928
0.0019782314
0.00070165296
0.001089564
0.00021476483
0.009267637
0.005891826
0.005416874
0.0008289018
0.00062148547
0.0018888526
0.0004620613
0.0009819177
0.0056947777
0.00040857622
0.007104997
0.013103106
0.0061351694
0.008525439
0.029270729
0.004070741
0.0013292213
0.018787446
0.00046541687
0.032508377
0.00041741662
0.0024526557
0.00029062983
0.006309143
0.012994343
0.009700379
0.004996876
0.001864218
0.031136105
0.005882825
0.0002165711
0.46507588
0.002863152
0.23393318
4.8661605e-05
0.043851886
