0.004385073
0.0050638914
0.02003304
0.012207281
0.011444431
0.003052552
0.06746903
0.033471726
0.055848327
0.006627311
0.0050172373
0.00078390585
0.0023162256
0.00488778
0.002572463
0.0045999596
0.0006276811
0.03664517
0.024682356
0.0012863826
0.0007426483
0.0035160629
0.027701274
0.007775767
0.0008223601
0.0069337864
0.014197551
0.01650477
0.01135372
0.009324075
0.059516024
0.00097328
0.008313997
0.002008924
0.01288577
0.00036178416
0.004999072
0.0015832607
0.019908695
0.01869617
0.03624382
0.0056171166
0.0007533833
0.0017686918
0.000120201345
0.003504672
0.02045654
0.00092764565
0.0013915509
0.0011587015
0.012737493
0.0010284118
0.0021074133
0.005544919
0.023400052
0.0018858551
0.16324842
0.005950567
0.14872472
0.005854577
6.9123285e-05
0.0018135571
