0.06817597
0.0054861964
0.009866431
0.028907636
0.0011755347
0.0035630134
0.00022681012
0.0057948017
0.002815554
0.22560158
0.010181838
4.299588e-06
0.0032484545
0.0010851802
0.010456102
0.017168257
3.5222732e-07
0.00012923502
0.0022327565
0.00066330086
0.037360556
0.059038166
0.001142485
0.0010037879
0.0034121482
0.009262857
0.031212455
0.0009954358
0.0003190244
0.0005142402
0.0051483545
0.021151565
0.012379528
0.040559087
0.0021986659
0.0780257
0.007976577
0.0021497512
0.0015612236
9.343858e-06
0.00039142265
0.012440265
0.0032069965
0.029981159
0.011591717
0.0079929605
0.0043379557
5.402654e-05
0.0020345827
7.598726e-05
0.0035921992
0.026022201
0.0018029005
0.0007736466
0.0008479175
0.01500213
0.0025400924
0.049106024
0.00042259725
0.005717939
0.008183203
0.003276564
0.0007232587
0.9205946
0.052883882
0.0009223822
7.425652e-05
