0.050015353
0.0052258433
0.004429808
0.0109728165
0.0072127203
0.015765712
0.057951607
0.60849476
0.0061020893
0.009417378
0.013971808
0.04522991
0.0012577964
0.012854009
0.0029671113
0.0018169215
1.2873561e-06
0.007220701
0.028683648
0.0030065419
0.00745301
0.0046589826
0.06821655
0.00079812366
0.011126776
0.0023107314
0.051910315
0.029148523
0.008279007
0.00037221267
0.0018785793
0.00077610806
0.007814499
0.035921667
0.001531773
0.0016491407
0.0065594562
0.0055755586
0.0019384669
0.04168128
0.0054700784
0.007504975
0.0026542558
0.0014325414
0.30158994
