0.0019016179
0.008851959
0.004431945
0.011323428
0.00025560276
0.0014876582
0.0012058933
0.010093497
0.0037219932
0.003316644
0.005396944
0.017620074
0.010818358
0.068455406
0.00020922234
0.0051511438
0.034344397
0.020341316
0.007566943
0.00013797922
0.0062941057
0.0029009639
0.02506221
0.0009950594
0.018209266
0.0011853109
0.088522516
0.002265613
0.00018436623
0.0018916352
0.0011810615
0.00015908139
0.013304163
0.0012389779
0.0003031612
0.0035199195
1.6634405e-05
0.016527394
0.0029405707
0.0119464835
0.0012981083
0.01539236
0.013900286
0.0017323549
0.0011229587
0.0007945964
0.031940136
0.0043082032
0.00019728189
0.0062574875
0.09714457
0.0073873783
0.024318099
0.0013614718
0.013581441
0.0011047734
0.0030760248
0.002650056
0.020774374
0.0009561067
0.005586753
0.0013695693
0.017207453
0.020612067
0.010783942
0.0011614338
4.270754e-05
0.00034575321
0.00094621617
0.006563291
0.008377434
0.0034012368
0.000120964585
0.006572314
0.01580034
0.0009065943
0.01728555
0.0013543564
0.0076698987
0.00017193772
0.1977239
0.011241868
0.006626652
0.0033307564
0.00034579556
0.0118491845
3.4791825e-05
0.38359168
0.0023200975
0.021067176
0.0025527645
0.001504498
