0.044353098
0.007034458
0.0052130655
0.07152247
0.0018858766
0.0040152026
0.005866117
0.0042974637
0.0011363601
0.41055694
0.020985471
9.229842e-07
0.010015249
0.004571305
0.019234857
0.023528058
7.653752e-08
0.0002608678
0.0025748536
0.0032263817
0.023205247
0.060364228
0.0018357239
0.0023682702
0.0027767508
0.008493591
0.027246408
0.0018411453
0.0036593317
0.0039276
0.012244539
0.022154829
0.013945773
0.011081077
0.0034255874
0.25671136
0.015901146
0.0031337957
0.00217454
1.205496e-06
0.006914924
0.04429817
0.00319882
0.047093622
0.013576433
0.020133432
0.008486194
0.00036918235
0.0007616633
0.0035759348
0.011362084
0.076046295
0.003649413
0.00023184023
0.0015867808
0.012620826
0.0076782615
0.14288054
0.0059253653
0.029842941
0.010941677
0.010273799
0.0006295887
0.8999536
0.06750509
0.0042811595
0.0012300748
