0.0049408753
0.0070461715
0.09452632
0.0016369756
0.011311046
0.0047063907
0.0003057139
0.0005049345
0.010090359
0.013498016
0.046410147
0.0006431398
0.0064360164
0.0022065328
0.019408872
0.00356202
0.0002018442
0.0016924951
0.107761905
0.015126323
0.006290632
0.009493925
0.04133496
0.040056143
0.015966956
0.0058825384
1.1311313e-08
0.045650467
0.0019355513
0.013030187
0.0004601267
0.0013109242
0.007902976
0.00040176456
0.002286403
1.2101659e-08
0.0089508
0.004060822
0.010100352
0.010272573
1.1543481e-07
0.007390785
1.8893392e-05
0.0087894425
0.0044606864
0.0015725887
0.0030500514
0.007223333
0.0074705617
0.0041051577
0.012079485
0.0011622638
3.4791596e-05
0.009093411
0.0034229204
0.0018677935
0.012158803
0.031340197
0.00029408076
0.01479453
0.012585885
0.059169266
0.0019554177
0.015367859
0.0009947509
0.013086165
0.0016442233
0.0058170306
0.0011689244
0.0073253647
0.014007815
1.9011517e-07
0.0014705585
0.00017316925
0.00048806553
0.00077287364
0.005947473
0.008483118
0.0015685831
0.0005775196
0.013401931
0.015304459
0.0031489073
0.035818543
0.05314442
0.011037124
0.006913407
0.032741163
0.022092847
2.4002066e-08
0.022185098
0.003398811
0.00028233216
0.010223679
0.014257439
0.016789718
0.043601144
0.03314453
0.00988076
0.0075704316
0.010382914
0.0077396934
0.0007441992
0.12885877
0.0018451543
0.013858238
0.002732523
0.0007083744
