0.0096465945
0.002177499
0.0044696615
0.010117442
0.015114153
0.005177128
0.025258714
0.016809667
0.0031848154
0.0038629086
0.01048834
0.0028473334
0.0009855612
0.006896355
0.001041816
0.0017121889
0.00030602652
0.0065672663
0.0032037653
0.0012078
0.0016951106
0.0016517232
0.012383843
4.3632892e-05
0.0033332612
0.0007729115
0.01725018
0.018182173
0.004366296
0.0012376835
0.00032425835
0.00037031347
0.002800438
0.002537111
0.0011974821
0.0026619416
0.00085122394
0.0023071482
0.00079046685
0.004052138
0.0055381497
0.001328925
9.242721e-05
0.0013422614
0.37511078
