0.019492531
0.009911232
0.003710137
0.0041428646
0.01619373
0.016847733
0.007414411
0.013327956
0.042783983
0.24928765
0.004700208
0.001824612
0.015584823
0.0002385442
0.0014487491
0.006507549
0.0024434358
0.0026022964
0.0043079043
0.4089309
0.017312065
0.00021064533
0.0028231526
0.007434989
0.0002611988
0.00395692
0.0036444943
0.02975511
0.009203476
0.0052820104
6.4061656e-05
0.0014980963
5.212586e-05
0.008335077
0.0063111433
0.0025581717
0.00021664689
0.0036123763
0.004779757
0.012343341
0.0069501936
0.009266253
0.0014198296
0.0018706307
0.004114192
