0.08298619
0.0075860964
0.0010513153
0.025933122
0.049145397
0.14092165
0.0036781942
0.118548624
0.029257132
0.034026675
0.0053314134
0.004449153
0.0022288489
0.07391946
0.0043151327
0.00049242825
0.0030527175
0.001318801
0.023491126
0.0019165777
0.012234871
0.0057385443
0.01181562
0.0026898447
0.033735365
0.03309351
0.0013572411
0.024828358
0.016891751
0.013594184
0.179012
0.011247377
0.04869954
0.0029560525
0.011260402
0.00409439
0.0035246674
0.008387102
0.021664256
0.00077876955
0.009303563
0.002506766
0.07642848
0.03218046
0.0100140525
0.0033963376
0.0005338185
0.002183778
0.001255161
0.005461437
0.017589789
0.0017997914
0.0010485031
0.00096565933
0.04622399
0.00066749094
0.0023030557
0.019253865
0.11483407
0.0042917463
0.019018712
0.0063318643
0.2578009
0.001968269
0.0022337076
0.0010257697
