0.12423229
0.008350478
0.008859209
0.01306268
0.0013232959
0.0054108044
0.13636506
0.03089953
0.0018798717
0.004385546
0.17518897
0.0041975034
0.0015453831
0.0009754517
0.00018210978
0.0008899218
0.0010269079
0.000100048936
0.0004005206
0.0012700006
8.799103e-06
0.009924277
0.0031217248
0.025994822
0.00079306157
0.0018611753
0.07006547
0.0017044637
1.0493889e-06
0.01740671
0.37397227
0.0012470662
0.0010757743
0.0016569172
0.01415224
0.028136829
0.0066475454
0.028712833
0.0011988201
0.056619447
0.0009070617
0.0017883366
0.002485404
0.012179948
0.00011098371
0.006081115
0.0015201747
0.022812275
0.014760292
0.010928805
0.0033560009
0.0010582916
0.0017355575
0.0005959524
0.0048134928
0.006938828
0.00015921782
0.0005843558
0.027024468
0.0009871615
0.041405134
0.0005147902
0.0031157236
0.00093777827
0.030714944
0.041006286
0.0033615332
0.0037300382
0.0016992126
0.0012693413
0.31124
0.0034422723
0.0013085714
0.0033966592
