0.008358071
0.019194307
0.0006556547
0.004446403
0.032866765
0.0015402151
0.0011377856
0.21046747
0.014563917
0.2566116
0.04721289
0.007427318
0.00084418216
0.010843737
0.0031610376
0.0008415411
0.0016052244
0.00095381704
0.0025377967
0.003127907
0.008031999
0.0017576178
0.00084137946
0.076890506
0.003469538
0.014093538
0.0007466072
0.0017035421
0.004497129
0.0038191192
0.014571866
0.006205734
0.07000464
5.407648e-05
0.0047170953
0.001299878
0.0007527776
0.0011190199
0.046169277
0.00018871737
0.1211304
0.0014049629
0.011808645
0.033443816
0.007810569
0.0008129986
0.0006759247
0.0004958344
0.0013109809
0.0050652204
0.019928839
0.0014213421
1.9904464e-06
0.00073012855
0.019323835
0.0005465996
0.002157223
0.00875296
0.003215578
0.010244848
0.000928284
0.97403044
8.622097e-05
7.618315e-05
