0.015270334
0.011333234
0.0011897224
0.005606306
0.0037817245
0.008438889
0.06087135
0.056806717
0.002863845
0.02165097
0.0025840201
0.010259229
0.0012373304
0.011922092
0.0017461526
0.0015243916
0.0018315972
0.0012349819
0.010763522
0.023663584
0.0013071029
0.0015417484
0.0006608998
0.008731419
0.037616
0.0020343
0.0031738428
0.005958594
0.10139125
0.010741809
0.026425235
0.0030294156
0.015486546
0.0022838342
0.0034706313
0.0059695337
0.025908692
0.0007374749
0.0035710977
0.0017736946
0.010231823
0.020461416
0.0058705765
0.0011119457
0.00075241696
0.0012753274
0.00037896616
0.0036598255
0.005641681
0.0014115081
0.0004962559
0.0007138212
0.019444125
0.001197348
0.0046936916
0.0033841934
0.009032255
0.00032135838
0.1492142
0.004547696
0.0010234467
0.009937681
