0.010702407
0.093616806
0.006946663
0.010034618
0.01495944
0.015653638
0.0428968
0.027472181
0.13291033
0.0035739325
0.022663979
0.14714727
0.03674308
0.0012615023
0.011290256
0.001911361
0.02975474
0.0005258619
0.27889362
0.001411436
0.0062211216
0.0047931448
0.097373046
8.755858e-05
0.00192467
0.0033376939
0.08030051
0.023095809
0.0019011715
0.0018606298
0.0013595504
0.00064100267
0.010800521
0.05879813
0.0029688608
0.0010874361
0.0042904443
0.002250032
0.015934078
0.061978243
0.005790232
0.010272476
0.01664262
0.0035875414
0.91970074
