0.020561993
0.00031031392
0.01097305
0.040952265
0.03137576
0.102325685
0.017479502
0.6885557
0.0044809077
0.0057927473
0.010852317
0.016476905
0.0017254305
0.43016762
0.003608705
0.0010795668
0.0023216722
0.008717646
0.0141318375
0.0021565505
0.00445492
0.0012615415
0.039099608
0.00010141637
0.007048217
0.00050523336
0.02651129
0.022072647
0.005097286
0.0007511216
0.0013369266
0.000107502805
0.0015147028
0.007503064
0.00076738605
0.0027950888
0.0075581754
0.004296972
7.3142524e-05
0.008500248
0.0064464808
0.00088888756
2.2574855e-05
4.0495594e-05
0.4634604
