0.015661126
0.004853012
0.001388906
0.01004716
0.0003733944
0.0015768096
0.005829884
0.011616902
0.00036041136
0.18368365
0.0036412417
0.0018693391
0.00018590235
0.01404135
0.0013722681
0.00012968264
0.004949009
0.0013125676
0.016979037
0.0013340565
0.016967954
0.0016391745
0.0022721286
2.117502e-06
0.017467534
0.032686118
0.000115323426
0.008382753
0.018194567
0.1428608
0.0032213174
0.032205764
0.0005927012
0.0013391585
0.0053673647
0.0036595874
0.0016795811
0.015725186
0.00081903214
0.0060971114
0.0018220381
0.05392832
0.023324348
0.0064549097
0.002802251
9.58904e-06
0.00060434866
0.00082957774
0.0027770083
0.007567559
0.0003374072
0.0012030923
0.00015721994
0.0054090214
0.0026788902
0.006625299
0.0033315716
0.0048317756
0.018953664
0.000836555
0.9607726
0.0052037886
0.00053094287
0.0003678812
