0.021911455
0.0033366878
0.0016095771
0.007534776
0.01862568
0.0039429134
0.003532754
0.0057219258
0.0036746433
0.06579025
0.015191567
0.009616163
0.00014401358
0.0011343651
0.0009306761
0.001955307
0.0005247369
8.297813e-05
0.0024827349
0.001109834
0.017473042
0.036383815
0.001653387
0.0015459529
0.00067563035
0.02331477
0.02558998
0.018914081
0.009248978
0.00769141
0.12316118
0.008962627
0.006164062
0.004160594
0.007572402
0.0018439814
0.0026397314
0.0019464626
0.009927401
0.000113175876
0.008480462
0.0021862292
0.025197979
0.023631983
0.0068697548
0.0006198286
0.00067136384
0.0012146803
0.00016170421
0.0019972334
0.0023681105
0.0013897264
0.00025412466
0.0013373863
0.015126111
0.0007873981
0.0005066366
0.0051949294
0.004229785
0.01076035
0.00037866208
0.6116383
0.005563492
0.0012628272
0.0005138189
