0.044935305
0.008211018
0.005232985
0.005406474
0.0026080962
0.018849004
0.081254505
0.066591755
0.0032624821
0.011281286
0.006891895
0.040506706
0.0010297426
0.011496287
0.0012843951
0.0016175014
5.7488628e-12
0.007060889
0.03926309
0.00024542704
0.0037452476
0.0018195732
0.059856206
8.792623e-05
0.0049973666
0.0010761562
0.045567032
0.005904062
0.004288707
0.00026063755
0.0004428027
0.0019749298
0.016941845
0.020071939
0.00124752
0.02059679
0.006442628
0.0048213955
0.002458939
0.009767009
0.020174483
0.0018687458
0.0009119518
0.00033837842
0.94866323
