0.00011248899
0.00016887287
0.00029370337
0.00027700647
0.00023329152
0.0040339218
0.00080265047
0.00011597263
0.001042819
1.0957594e-05
0.0002860168
0.00021347721
0.0018543652
0.0005220347
0.00017925413
9.2396374e-05
0.00019629717
0.000111557194
6.8567744e-05
0.00031024855
0.00016853829
0.00037653142
0.0013795864
5.2509815e-05
0.00085647654
0.0003165724
0.008642992
2.810578e-07
5.4864573e-05
0.009128475
0.0004886698
0.1204489
0.023180919
0.49072844
0.03635352
0.06016175
0.0031143911
0.077244945
0.00020080915
0.0060675903
0.00031242365
0.012994631
0.0002844843
0.05997813
0.00075224414
0.00016230297
0.08014745
0.017484302
0.016085908
0.00043382662
5.9314163e-05
0.00016134104
0.0019288576
0.00038686895
0.002193882
2.4834771e-05
0.013291988
0.00011519056
0.00011879317
0.0021010502
0.030988801
0.0032485873
0.0029346056
0.00034925088
0.0155859
0.0015350292
0.00015661845
0.021953855
0.0005256585
0.0018418633
0.023469094
0.0007558884
0.00022788573
0.00043254838
0.00014134543
0.00048386407
0.016625797
9.513155e-05
0.012105301
0.0017224515
0.00016679634
0.000119561635
3.947943e-05
0.00014757452
0.00037926828
0.00070755865
0.0014433276
0.00063262123
0.00017923344
0.0010116667
0.00049306324
5.390549e-07
0.00015504548
1.8437915e-05
0.05306583
0.00015664712
0.0004986159
0.008347853
0.0006795388
0.0010457371
0.0001943343
0.0007843205
0.028606754
5.8762544e-05
0.00047586995
0.00021669875
0.020888017
0.0006400202
8.310918e-05
0.0021837906
0.004057782
0.0072056837
0.008336149
0.0020091226
0.0002973506
1.2874322e-06
0.017962104
0.0004045787
0.00031729307
0.00033430313
0.0003600818
0.0003136236
0.00030642797
0.00024037939
0.0044652293
0.013269417
0.00048658552
0.00012916775
0.0020760305
0.012919956
0.003062284
0.0004160344
0.0077088843
0.01882912
0.0010545047
0.00038983757
0.00038220338
0.011766049
0.0071955356
3.4445506e-07
0.0011873059
0.00063980004
0.003364135
3.786216e-05
0.000633114
0.00094843964
0.00065035955
0.00028492862
0.0042752945
0.00070466613
0.006297244
