0.0001347217
0.00024817925
0.0002311205
0.00041367853
0.00023911487
0.0003825947
0.00041992503
0.00013930108
0.00037799918
0.0029606349
0.0004930412
0.00023380878
0.00024614576
0.00041663885
1.5125527e-05
0.00013598472
0.0002109983
0.00013496535
9.143791e-05
0.0004340947
9.202381e-05
0.0009075891
0.0007046517
0.0022352291
0.0007936512
0.00039177353
0.0016440024
0.010157665
0.00014064577
0.00024661535
0.01431878
0.00038413328
0.12060207
0.04055752
0.018225474
0.07554267
0.074891575
0.0010236928
0.28850296
0.00021607938
0.0025886586
0.00023710006
0.017523699
0.00027895655
0.022662986
0.00031722256
0.00017268481
0.00021368453
0.009099562
0.00043734192
0.00932013
0.00037062785
7.2716626e-05
0.00017718266
0.00027302915
0.00028482624
0.0011200669
0.0004939123
0.011582503
0.00014215843
0.0010343391
0.033336464
0.002132584
0.0028205574
0.00033295993
0.0073863994
0.0026978808
0.00019810656
0.021325061
0.00053023786
0.0005612816
0.006040939
0.00036918552
0.00023884577
0.0003738364
0.0001618361
0.0005542263
0.075413465
0.0009544475
0.035950933
0.0015675916
0.00016155072
8.405958e-05
0.00016152131
0.000320916
0.0002392031
0.00034220843
0.00076510385
0.00016570491
0.0047122217
0.0002577775
0.00027149066
0.00018414628
9.344031e-05
0.14425121
0.00018448422
0.0006351655
0.014192993
0.0005928365
0.0006749388
0.00022746327
1.0912439e-05
0.0008726893
0.00022370838
0.005105417
0.017331723
0.0006115752
0.0005563725
0.03724786
0.00058605
0.00018980012
0.046625547
0.0022018075
0.029956577
0.043432947
0.004541548
0.0008368252
0.00040082043
0.0058714948
0.0058467835
0.00081816514
0.0016543972
0.002449713
0.013318812
0.000424899
0.010925464
0.001432433
0.08700243
0.04038408
0.036471866
0.00044875106
0.00029944157
0.00034847832
0.00035023183
0.0003068583
0.00030059804
0.0002590192
0.01814334
0.009069738
0.0008941077
0.000495905
0.001881575
0.002289809
0.011758644
0.003229567
0.000303396
0.00088406657
0.008625527
0.001226961
0.00017757455
0.00036030274
0.013172012
0.003432346
0.0004971606
1.14221475e-05
0.00016622586
0.00066795544
0.0005285514
0.013639838
0.00038081565
0.012680014
0.026180802
0.0003228487
0.00040294096
0.019177267
0.00095891237
0.00044885802
0.0072979745
0.00045315418
0.00044296627
0.07099212
0.00019004675
0.00020014167
0.0018376182
0.00022881888
0.00032785267
0.00062274555
0.0030473468
0.0008923018
0.0029903043
0.00017647115
0.0020688982
0.000121486846
0.0006827228
0.011646323
0.00033788985
4.2672687e-05
0.00016806871
0.00027764315
0.0010582539
0.0002378969
0.0010771711
0.0014653828
0.005812678
1.2494533e-05
0.00024196139
0.00022686787
0.00075309805
0.039519135
0.0035309768
0.026839424
0.04760537
0.004604071
0.0009964491
0.28657034
0.00019778326
0.009859167
0.00078920915
0.03689022
0.0008679649
0.004608979
0.00052256667
0.00015705932
0.00013271606
0.0001069774
0.011980957
