0.016045395
0.045983423
0.03416207
0.015208948
0.002672181
0.009372536
0.02733926
0.06426739
0.0020811362
0.013351153
0.011985501
0.0059773093
0.0011076059
0.007854198
0.0015792083
0.0023771848
4.3621327e-05
0.007381182
0.013880087
0.0024773746
0.005550106
0.002026437
0.029915195
0.00069762877
0.0057643442
0.0016092386
0.020910062
0.015009283
0.0011094143
0.00029848472
0.0013296044
0.0016855726
0.006075962
0.01250904
0.0020809576
0.003550678
0.0034510216
0.0084726
0.0069454946
0.0064311516
0.00517271
0.0002517915
0.022472316
0.0009292504
0.13727894
0.0015551182
0.00616682
0.13368058
