0.009277941
0.004734398
0.03177537
0.008081699
0.0017798939
0.004850743
0.012630632
0.02017815
0.0058064284
0.004755931
0.009860676
0.001930893
0.0019129944
0.0036836856
0.013264254
0.0066773985
0.009404476
0.022242833
0.017310508
0.028542075
0.023479428
0.051976204
0.0032093478
0.0012020997
0.0020288783
0.0010188197
0.0044159545
0.0041874065
0.0013487937
0.008859937
0.006353458
0.0028150585
0.0005808525
0.0023264862
0.0014747909
0.0020823027
0.010500331
0.0002986826
0.010237976
8.077515e-05
0.020467225
0.034806658
0.0010329138
0.0024133387
0.020064142
0.013487766
0.05198619
0.027644495
0.0007881314
0.0020750999
0.0052126083
0.005609289
0.0043162103
0.0037937867
0.02383898
0.0016617165
0.015933651
0.015051173
0.003780645
0.002403003
0.0047355937
0.00036838255
0.018366002
0.0007130355
0.0061764424
0.0008272187
0.0026206805
0.0067918613
0.040339593
0.005992659
8.361309e-05
0.00053812587
0.00020308123
0.0042413794
0.013421592
0.00057513366
0.00018915838
0.014451166
0.019072497
0.0051017688
0.07465013
0.004397559
0.00702031
0.00031215334
0.00082658196
0.012192433
0.0015305483
0.00058953266
0.0035159478
0.016851082
0.011801804
0.013993392
0.01818086
0.0025957772
0.008425214
0.0013722039
0.07287467
0.0022321122
0.0044329297
0.0005529847
