0.01002161
0.0037654317
0.007252004
0.0038983354
0.009266735
0.0016896816
3.6355355e-05
0.0039783814
0.01521507
0.00010970299
0.004693329
0.011411144
0.006251536
0.004787991
0.0045552575
0.01760939
0.0034024606
0.008027627
0.0023312022
0.030759254
0.05908127
0.016192393
0.019041697
3.6355355e-05
8.516635e-05
0.04003933
8.41072e-05
0.00010970299
0.000745804
0.00010970299
0.004769542
0.0024899254
0.00085278804
0.0016084955
0.022004195
0.0027015412
0.006344012
0.0019114946
0.0023697284
0.0004627778
0.0051304074
0.0015088747
0.0074238917
0.022176309
0.00037330328
8.41072e-05
0.00010970299
0.000745804
8.516635e-05
0.009353828
0.09177726
0.00073138345
0.0020206652
0.06288623
0.0035972667
0.017723529
0.03460318
0.00038881358
0.002286227
0.0024802724
0.008078413
0.0034895306
0.0030123605
0.029236905
0.0005634629
0.007264005
0.01119398
0.0065330816
0.008317241
3.6355355e-05
8.41072e-05
0.0031163695
0.0004304996
0.018736148
0.00092731515
0.0018005524
0.0008612518
0.008137615
0.006199192
0.011326722
0.0039955145
0.0001699487
0.004421259
0.00021634635
0.0018813896
0.07630111
0.00041745463
0.00073419913
0.0073517747
0.008465139
0.001792893
0.11886644
0.06547628
0.0032976829
0.00016499999
0.0034813425
0.0103434
0.010414917
0.0007742754
0.002054373
0.0082532605
0.009752511
0.0150502175
0.01178697
3.6355355e-05
0.049779087
0.008992815
0.00026702162
0.027455391
0.0009950376
0.00048667137
0.00021746456
0.18415517
