0.0068481443
0.01310683
0.00939114
0.044606674
0.012919098
0.0006882727
0.07196491
0.02995894
0.08528906
0.0059651616
0.003205613
0.00013461654
0.010997357
0.0031633556
0.0005576509
0.00038029256
0.0006048809
0.002673245
0.0024116694
0.014454679
0.00035941903
0.0012272799
8.4992435e-10
0.008039692
0.052839123
0.0016494641
0.00091540883
0.008825755
0.009764252
0.009649032
0.0025664822
0.03945054
0.0013882284
0.009437306
0.0021308183
0.019677222
0.0016196697
0.0067657633
0.0018534829
0.036130756
0.013133849
0.0036502886
0.0029545578
5.5145825e-05
0.0036541948
0.0006551766
0.00585893
0.01601978
0.00055743306
0.0002065993
0.0009500731
0.006842851
0.003946217
0.0076856907
0.00077515456
0.020334585
0.0019186147
0.84658694
0.0016606757
0.0014019341
