0.0007876311
0.0028735495
0.005598517
0.01429765
0.006215782
0.0026766886
0.00521047
0.0051006097
0.005847102
0.15890233
0.0011380825
0.010791212
0.07025088
0.007920941
0.46814778
0.019184232
0.0075921114
0.000497859
0.0076466263
0.0006464651
0.009484033
0.027075568
0.08098342
0.0013854621
0.043364566
0.0017207912
0.0012064638
0.0009766597
0.0055784015
0.0016103956
0.00923962
0.00010256691
0.00042386254
0.0014791819
0.0018502446
0.010257409
0.0028676465
0.0078034815
0.0013892183
0.019185364
0.012543291
0.0017465865
0.0006861541
0.0118359085
0.03331909
0.012918557
0.043723978
0.0006028458
0.22265987
0.013530404
0.035497803
0.00022593727
0.017683212
0.0020579796
0.00075535383
0.0024970982
0.026294986
0.000116351126
0.0016159166
0.0014075474
0.018880377
0.01901923
0.0054244804
0.0008969462
0.00048095922
0.0015012894
0.00013236544
0.0024526254
0.0032168343
0.0010998776
0.00035816847
0.04283395
0.00023384891
0.013123686
0.00017099323
0.00042610854
0.0050635017
0.003530962
0.007913163
0.002455955
0.0042625437
0.037865795
0.0006344649
0.49258167
0.00292697
0.0016169039
0.0009003322
