0.00050356064
0.009025379
0.001785168
0.010126472
0.003945418
0.0024932341
0.0021374829
0.0008861772
0.0017491872
0.0026413877
0.001956904
0.03462896
0.006131618
0.023199227
0.028871736
0.0016473996
0.011920431
0.009103776
0.00025849394
0.0038635891
0.001956027
0.0060613155
0.010977191
0.003660062
0.001392419
0.07580353
0.0018301803
0.0008269732
0.000105464664
2.0491776e-05
8.614133e-05
0.0041360217
0.00014042213
0.0009211009
0.00091187016
0.0012724415
0.011868183
0.012527294
0.0017487078
0.009663269
0.014167338
0.0018703778
1.2429525e-05
0.013806942
0.1577796
0.016966013
0.17266929
0.0005374149
0.04203571
0.0066417474
0.015722744
0.00019640781
0.010054851
0.0022438094
0.0007359567
0.0019430834
0.014484291
9.159902e-05
0.0011359634
0.0020081974
0.0074731885
0.006995857
0.0021070472
0.00042359834
0.0006366443
0.00027206977
0.0008269365
0.00096827484
0.0017218647
0.0012706526
8.688256e-05
0.012654352
0.00024966587
0.019936023
0.00027914066
0.0014928309
0.007825434
0.0049717524
0.004088095
0.0035449194
0.007577177
0.012111557
0.0006985938
0.13697726
0.0016227138
0.00034991896
0.00036380364
