4.7323327e-05
8.598942e-05
0.0002954508
7.235694e-05
0.00016063232
0.00012046099
0.00026302107
0.00015443817
5.301564e-05
0.00031219318
0.00211551
0.00023438843
0.00011583381
0.0006212374
0.00018866555
1.8569288e-05
4.93488e-05
9.263722e-05
4.866657e-05
8.929669e-05
0.00034748376
0.000590155
0.000103592305
0.0011900099
0.0012811713
0.0005759131
4.803026e-06
0.00056056486
0.0065835593
7.1417315e-05
5.092425e-05
0.00077155826
0.07861416
0.00029757718
0.10738853
0.015140536
0.0038921614
0.041418724
0.010970478
5.9039016e-06
0.18957005
0.000108500135
0.0072327163
0.00055940135
0.00012456236
0.00485374
0.00015313995
0.10359707
0.0003918087
7.6281285e-05
7.6699245e-05
0.005532622
0.0008384151
0.006182141
0.00015559123
4.4252323e-05
8.431728e-05
1.6903148e-06
3.0389749e-05
0.00089382957
1.1848607e-05
0.119400114
5.427907e-05
5.4368793e-05
0.0017532654
0.006315334
0.0032288346
0.0058664205
0.0001776091
0.008495463
0.0060098884
9.344343e-05
0.009655273
0.00032197573
0.0010877396
0.019562244
0.0002734608
0.00013369662
0.00029754822
6.998287e-05
0.00027170763
0.02055302
0.00068214367
0.024839263
0.00035124534
6.9163376e-05
4.9659615e-05
4.680325e-05
0.00020226074
0.00022858492
0.00044610372
0.0003121042
0.00013994893
0.001763249
0.00040632338
0.0006635386
9.247931e-05
8.467859e-05
0.11049846
0.00047439354
9.065453e-05
9.305732e-05
0.00033121643
0.007282008
5.586318e-05
0.00026403237
2.5363566e-05
0.00021541309
6.736079e-05
0.00076730154
0.0002027013
0.00035094042
8.502894e-06
0.00027155768
2.96352e-06
0.02607215
0.0019545057
9.4340285e-05
0.03055068
0.07623282
0.022145508
0.09373597
0.0021754443
0.0006758879
0.00014884997
0.0048682904
0.02305564
0.018392421
0.0014268915
0.034287095
0.0006001627
0.011412338
0.0014280749
0.051928718
0.042305883
0.012337936
0.00021172865
0.00026425044
1.0052684e-05
0.0005873879
0.00048317734
0.00016761485
0.00014415605
0.026488049
0.0075306906
0.00011398622
0.0005252193
0.0019322647
0.0013027888
0.0085779475
0.0004395386
0.00026039215
0.004161262
0.007822226
0.00085214194
5.3988428e-05
0.0008231849
0.007212584
0.003808398
0.00061512826
0.0014418187
0.0010343101
0.002126971
5.436053e-06
0.00053986977
0.0005736456
0.00044003458
0.0006967842
0.022407666
0.0019266668
0.10083032
0.010899377
0.00015306566
0.00021586008
0.032232467
0.00044716813
0.0004189017
0.027477417
0.00030139522
0.00026639074
0.0010338224
0.00020072072
0.00010790521
0.0061122687
0.00013809268
5.7944108e-06
0.00038392755
8.181743e-07
0.0012330426
0.00097584305
0.00039159958
0.0006375375
7.752384e-05
0.0032082333
0.00016739173
0.00013661623
0.00013265101
0.00033175523
0.0001221025
0.00017381192
0.0014942837
0.00010903156
1.021355e-05
0.0009845495
0.0061659375
0.018881144
6.6958323e-06
0.0012090079
0.0003518922
0.015711023
0.0019794896
0.02082297
0.017859155
0.026106201
0.11709031
0.035586923
0.006789514
0.3661336
0.00011303243
0.0013146675
0.0007597267
6.175599e-08
0.0049287463
0.009395355
0.00043228807
6.844192e-05
2.039622e-06
3.1419822e-05
0.005917405
