0.009257156
0.0040048137
0.0068239355
0.0064669936
0.0045632645
0.008577652
0.0021330104
0.02089838
0.025684914
0.008530882
0.020971792
0.007729754
0.0012968793
0.0069925385
0.0033185265
0.0030806756
2.1488411e-05
0.008016713
0.0070389123
0.0010942386
0.00053480954
0.0025895257
0.016153283
0.005146855
0.008058472
0.0023983815
0.019318428
0.0064670644
0.004252741
0.00020329647
0.0016388664
0.002782131
0.015178389
0.0033852614
0.0025544723
0.00020375891
0.009789043
0.004108963
0.0019248428
0.014390942
0.014711891
0.0023481895
0.039183445
0.007085437
0.054573562
