0.011568264
0.013262351
0.017999003
0.007026272
0.0017884398
0.12479522
0.012031518
0.0325858
0.011667095
0.0018526767
0.08150793
0.004828697
0.0005949424
0.0041542468
0.0018769099
0.0009974056
0.0001482087
0.004490188
0.006226681
0.0011403977
0.0019113718
0.0009003948
0.27099508
0.00038747463
0.006217764
0.0015528146
0.017931985
0.007797008
0.004397488
0.0001288784
0.0010194761
0.00028233323
0.0021654281
0.0052596945
0.00074053876
0.00041764448
0.0039616716
0.0017234095
0.010904687
0.0030905674
0.008579664
0.0009406593
0.124258995
0.00020544855
0.952615
0.004639503
