0.023939785
0.015430708
0.0014704535
0.011084584
0.017217716
0.004397062
0.009089838
0.08950722
0.0046415883
0.0023782277
0.010569143
0.014527111
0.0040951874
0.0008028744
0.005407495
0.0004973431
0.014870932
0.096820176
0.0017201246
0.0012435865
3.263736e-08
0.01896043
0.051984854
0.0019187662
0.0010605257
0.001831749
0.026903333
0.045268733
0.014298222
0.050005276
0.0048275017
0.0065424964
0.0023209455
0.0011079594
0.0033194623
0.025315328
0.00019171607
0.0056366404
0.0021878579
0.022277655
0.02226713
1.22122265e-05
0.00050801144
0.0010968972
0.00019941402
0.012613839
0.012972864
0.0021830841
0.0013421266
0.00073177146
0.043311987
0.002038142
0.0019255631
0.010253348
0.0005509253
0.0010711133
0.0011837066
