0.010273255
0.010164351
0.014727202
0.0035446957
0.06231848
0.0045092897
0.010488299
0.01433166
0.074584015
0.044728212
0.0019551923
0.0027199788
0.013725191
0.00038143081
0.0002579361
0.009703934
0.0014284606
0.0016658026
0.0013953549
0.14144127
0.00051258516
0.0015635935
0.0031850894
0.0033086338
4.4550504e-07
0.00222605
0.0020578513
0.032383725
0.009783793
0.0032609305
8.5394946e-05
0.00037895207
3.9461964e-05
0.002612125
0.01894196
0.0028221926
5.5148877e-05
0.0013755149
0.0015730119
0.0006317306
0.0095478585
0.049559366
0.008182045
0.0026144898
0.00052385934
0.8725894
