0.016894372
0.0014906056
0.004228322
0.013140097
0.0019475912
0.0024425595
0.006995977
0.00095318287
0.0099952845
0.008840087
0.0048243073
0.014902778
0.0048498954
0.784272
0.04464484
0.010613965
4.3413245e-05
0.09018048
0.012112715
0.007025178
0.07082151
0.06480045
0.0022506383
0.19327132
0.013894571
0.003141686
0.005340439
0.00045530527
0.00059209083
0.017308056
0.0029422503
0.00052051357
0.0057080397
0.00077435316
1.963973e-05
0.0051789116
0.099749774
0.0021367865
9.47626e-05
3.0033532e-05
0.021807216
0.012526529
0.0016880013
0.00013047496
0.002373034
0.060897883
0.006963264
0.0011640753
0.005543852
0.23284821
0.017474303
0.0031539854
0.0024939554
0.046029706
0.004508213
0.0051172967
0.0022158152
0.03565818
0.00019320176
0.0032522222
0.0024302735
0.033075288
0.04089133
0.015953543
0.00010757725
0.00022295075
0.00040572538
6.474848e-05
0.003213671
0.024001887
0.00019609944
0.0002965983
4.3200394e-05
0.0006285695
0.002407346
0.0027520144
0.00038295193
0.0005367108
0.051997617
0.0016181614
0.0050686407
0.058593906
0.022568263
0.000220652
0.94917303
0.0035563174
0.01274397
0.0006288482
