0.022701517
0.002765363
0.005328208
0.025413375
0.0031953542
0.0135353375
0.0073836274
0.00083714107
0.050494626
0.11144196
0.024588551
0.00020689834
0.00036873322
0.0007291836
0.003405139
0.0007802355
0.0006877745
0.0035573482
0.0011894845
0.026294438
0.0058763092
0.01154195
0.005244411
0.004149651
0.001453289
0.021853637
0.026131969
0.026191562
0.01423949
0.0066999653
0.22177891
0.01920588
0.011356478
0.002513575
0.0025176182
0.0048675346
0.021007357
0.0002757914
0.004406261
0.006582624
0.0144556565
0.023926828
0.009548299
0.00015330534
0.0011704391
0.00046551073
0.0008256874
0.01094926
0.014267388
0.014607692
0.00016122064
0.0025828786
0.008205501
0.0008443039
0.008814033
0.011243199
0.024584292
0.008540013
0.019027423
0.0027342804
0.47524825
0.0003806589
0.0005280028
0.011459778
